386, 
-288, 
-334, 
288, 
246, 
74, 
-282, 
-182, 
250, 
-190, 
-178, 
250, 
-54, 
10, 
276, 
-234, 
90, 
220, 
-250, 
204, 
-214, 
50, 
-170, 
264, 
-240, 
26, 
10, 
130, 
-112, 
-282, 
282, 
-194, 
302, 
-270, 
-160, 
-228, 
334, 
234, 
-144, 
-106, 
222, 
140, 
212, 
-174, 
-184, 
-116, 
36, 
184, 
-298, 
-58, 
44, 
-308, 
178, 
224, 
282, 
-48, 
22, 
168, 
-296, 
8, 
276, 
-188, 
-248, 
-38, 
-268, 
-28, 
-166, 
-232, 
-316, 
254, 
-228, 
170, 
282, 
18, 
284, 
-64, 
6, 
-76, 
-118, 
-88, 
188, 
-276, 
-32, 
-156, 
260, 
-118, 
-144, 
-168, 
272, 
-152, 
102, 
140, 
-326, 
78, 
86, 
-180, 
-146, 
-120, 
-140, 
-16, 
260, 
266, 
170, 
-202, 
-170, 
152, 
-220, 
-50, 
-84, 
-258, 
-288, 
-256, 
250, 
-264, 
-258, 
244, 
92, 
148, 
-126, 
40, 
104, 
110, 
-140, 
-274, 
38, 
42, 
-60, 
-4, 
-46, 
302, 
-12, 
-222, 
-68, 
-40, 
-342, 
76, 
174, 
44, 
16, 
252, 
316, 
-128, 
-42, 
102, 
-314, 
-180, 
220, 
-92, 
300, 
-334, 
-222, 
158, 
234, 
220, 
116, 
-300, 
156, 
-4, 
70, 
334, 
-150, 
36, 
252, 
80, 
-270, 
182, 
-312, 
-234, 
270, 
162, 
-54, 
328, 
174, 
-258, 
184, 
174, 
-4, 
-130, 
100, 
-272, 
-170, 
42, 
-334, 
-228, 
2, 
-192, 
324, 
300, 
126, 
-152, 
126, 
-156, 
-300, 
218, 
-56, 
-64, 
258, 
168, 
-200, 
106, 
-316, 
-48, 
282, 
272, 
276, 
-108, 
320, 
356, 
-224, 
-40, 
-168, 
-216, 
12, 
56, 
-260, 
224, 
264, 
-156, 
-188, 
-148, 
-178, 
-240, 
-26, 
-116, 
-210, 
294, 
238, 
284, 
56, 
76, 
-218, 
-236, 
-180, 
-198, 
-34, 
92, 
-198, 
-182, 
-312, 
-218, 
324, 
-266, 
238, 
-204, 
2, 
148, 
146, 
108, 
250, 
-182, 
-102, 
82, 
-240, 
198, 
-184, 
-202, 
-140, 
-154, 
-258, 
-178, 
48, 
90, 
280, 
288, 
96, 
52, 
176, 
-166, 
122, 
-280, 
-256, 
156, 
-56, 
-208, 
-282, 
260, 
294, 
268, 
200, 
-232, 
114, 
-190, 
102, 
-332, 
-122, 
38, 
-84, 
-104, 
-38, 
-112, 
166, 
-250, 
258, 
-298, 
188, 
252, 
48, 
204, 
-82, 
-304, 
266, 
182, 
78, 
-90, 
-176, 
76, 
-188, 
-4, 
-302, 
42, 
200, 
-206, 
250, 
-132, 
82, 
212, 
306, 
154, 
286, 
-124, 
178, 
-64, 
-22, 
190, 
40, 
262, 
250, 
138, 
-250, 
-264, 
-146, 
144, 
-166, 
-26, 
158, 
-176, 
196, 
100, 
-220, 
-172, 
-238, 
174, 
-100, 
356, 
204, 
156, 
-272, 
-132, 
280, 
174, 
108, 
-238, 
-120, 
210, 
-194, 
36, 
284, 
316, 
-224, 
-70, 
-306, 
8, 
186, 
220, 
0, 
-128, 
96, 
272, 
208, 
132, 
-222, 
-130, 
262, 
254, 
170, 
-34, 
326, 
-174, 
-38, 
-292, 
-264, 
-332, 
70, 
214, 
276, 
-292, 
60, 
116, 
-160, 
34, 
210, 
252, 
36, 
-252, 
206, 
232, 
-178, 
18, 
-158, 
224, 
-262, 
