-44, 
58, 
228, 
124, 
-194, 
324, 
-264, 
148, 
-136, 
302, 
-48, 
84, 
-318, 
-58, 
-136, 
348, 
124, 
-192, 
-184, 
200, 
312, 
172, 
158, 
-230, 
-248, 
-254, 
-32, 
-96, 
-80, 
-190, 
246, 
200, 
-220, 
294, 
-174, 
136, 
64, 
78, 
26, 
226, 
-228, 
302, 
88, 
-14, 
-310, 
226, 
-156, 
-36, 
290, 
132, 
142, 
264, 
230, 
-264, 
56, 
-300, 
-216, 
-38, 
26, 
230, 
250, 
250, 
132, 
-196, 
62, 
-230, 
156, 
-218, 
-150, 
-168, 
-236, 
20, 
-40, 
-266, 
74, 
-110, 
52, 
208, 
-214, 
-250, 
-118, 
-124, 
-304, 
46, 
-62, 
84, 
-154, 
-70, 
-166, 
122, 
-134, 
130, 
22, 
208, 
46, 
-8, 
138, 
268, 
108, 
-300, 
74, 
210, 
-64, 
84, 
-138, 
228, 
-334, 
-298, 
248, 
-184, 
-160, 
-198, 
-250, 
-174, 
-10, 
-304, 
266, 
-102, 
160, 
170, 
-262, 
160, 
-290, 
-174, 
-232, 
-252, 
316, 
276, 
354, 
-84, 
-116, 
-222, 
38, 
186, 
-90, 
248, 
-48, 
310, 
-10, 
230, 
120, 
-126, 
144, 
-226, 
-176, 
-180, 
152, 
-36, 
154, 
224, 
-56, 
-118, 
-254, 
264, 
232, 
-288, 
-166, 
-68, 
-104, 
-218, 
-236, 
-204, 
-100, 
-126, 
-132, 
262, 
-138, 
308, 
140, 
98, 
-42, 
6, 
-52, 
-2, 
216, 
300, 
244, 
-238, 
324, 
44, 
-282, 
-328, 
158, 
126, 
226, 
-14, 
-2, 
-234, 
-350, 
222, 
-328, 
-72, 
206, 
288, 
-200, 
-60, 
-76, 
140, 
128, 
-82, 
-270, 
232, 
102, 
288, 
-124, 
-296, 
-242, 
200, 
-52, 
220, 
-142, 
246, 
-244, 
128, 
308, 
-82, 
-170, 
-126, 
-268, 
252, 
48, 
126, 
-146, 
-278, 
204, 
-230, 
-112, 
246, 
-196, 
-88, 
300, 
68, 
140, 
-150, 
0, 
-326, 
-264, 
-270, 
164, 
210, 
-176, 
-80, 
-86, 
36, 
-228, 
264, 
90, 
304, 
-22, 
298, 
-142, 
-18, 
-96, 
166, 
-40, 
-270, 
-40, 
148, 
-206, 
-260, 
-152, 
278, 
-160, 
-258, 
52, 
-68, 
234, 
-278, 
176, 
304, 
168, 
148, 
30, 
-320, 
-146, 
220, 
-146, 
172, 
-202, 
-308, 
-190, 
-202, 
44, 
-88, 
132, 
-320, 
-152, 
28, 
-76, 
88, 
186, 
148, 
140, 
-342, 
-188, 
118, 
208, 
-228, 
40, 
4, 
170, 
254, 
-316, 
-188, 
32, 
40, 
-148, 
-252, 
126, 
170, 
74, 
198, 
300, 
-60, 
-24, 
-64, 
-26, 
-326, 
-212, 
186, 
-40, 
212, 
162, 
198, 
-270, 
186, 
-344, 
-272, 
-282, 
62, 
126, 
124, 
140, 
-36, 
68, 
6, 
262, 
126, 
78, 
-228, 
-170, 
102, 
78, 
-264, 
-134, 
-264, 
-166, 
84, 
104, 
-262, 
-266, 
-292, 
-10, 
166, 
242, 
-160, 
-66, 
186, 
-174, 
198, 
-82, 
-186, 
302, 
198, 
44, 
-166, 
-104, 
-250, 
-344, 
-266, 
330, 
-294, 
128, 
-234, 
92, 
332, 
144, 
-164, 
170, 
206, 
20, 
66, 
72, 
-316, 
-152, 
156, 
254, 
-138, 
250, 
16, 
102, 
-168, 
192, 
-152, 
-124, 
-66, 
-28, 
156, 
-76, 
-282, 
-226, 
