249, 
430, 
589, 
718, 
849, 
963, 
1092, 
1235, 
1367, 
1504, 
1611, 
1740, 
1866, 
1990, 
2113, 
2254, 
2401, 
2537, 
2683, 
2832, 
2989, 
3132, 
3257, 
3392, 
3524, 
3654, 
3779, 
3906, 
4050, 
4167, 
4293, 
4419, 
4560, 
4694, 
4832, 
4953, 
5085, 
5217, 
5330, 
5468, 
5597, 
5735, 
5851, 
5959, 
6098, 
6209, 
6330, 
6460, 
6600, 
6727, 
6842, 
6963, 
7080, 
7205, 
7332, 
7455, 
7584, 
7702, 
7831, 
7966, 
8093, 
8212, 
8319, 
8449, 
8571, 
8704, 
8859, 
9014, 
9123, 
9225, 
9310, 
9406, 
9506, 
9606, 
9732, 
9863, 
9980, 
10104, 
10209, 
10306, 
10427, 
10562, 
10681, 
10807, 
10938, 
11066, 
11201, 
11339, 
11450, 
11570, 
11664, 
11790, 
11930, 
12049, 
12173, 
12299, 
12438, 
12571, 
12686, 
12804, 
12920, 
13020, 
13125, 
13234, 
13336, 
13446, 
13561, 
13672, 
13787, 
13928, 
14060, 
14184, 
14317, 
14467, 
14602, 
14725, 
14870, 
15009, 
15155, 
15325, 
15483, 
15618, 
15764, 
15876, 
16015, 
16152, 
16298, 
16457, 
16616, 
16788, 
16967, 
17101, 
17244, 
17379, 
17506, 
17621, 
17734, 
17840, 
17964, 
18077, 
18215, 
18339, 
18447, 
18557, 
18681, 
18813, 
18950, 
19079, 
19204, 
19296, 
19389, 
19507, 
19595, 
19711, 
19815, 
19909, 
20017, 
20132, 
20235, 
20336, 
20447, 
20541, 
20639, 
20743, 
20838, 
20935, 
21038, 
21170, 
21280, 
21404, 
21512, 
21643, 
21771, 
21868, 
21979, 
22080, 
22184, 
22304, 
22421, 
22564, 
22713, 
22872, 
23015, 
23165, 
23315, 
23459, 
23580, 
23692, 
23799, 
23909, 
24016, 
24124, 
24223, 
24323, 
24421, 
24527, 
24649, 
24769, 
24883, 
25009, 
25128, 
25244, 
25360, 
25476, 
25597, 
25712, 
25829, 
25929, 
26028, 
26128, 
26229, 
26321, 
26445, 
26548, 
26646, 
26735, 
26805, 
26872, 
26961, 
27063, 
27170, 
27286, 
27390, 
27476, 
27576, 
27694, 
27786, 
27882, 
27982, 
28099, 
28225, 
28346, 
28447, 
28558, 
28683, 
28797, 
28881, 
28970, 
29084, 
29195, 
29312, 
29397, 
29480, 
29574, 
29664, 
29762, 
29853, 
29943, 
30042, 
30154, 
30259, 
30348, 
30449, 
30545, 
30631, 
30730, 
30812, 
30916, 
31019, 
31116, 
31217, 
31325, 
31444, 
31568, 
31661, 
31758, 
31868, 
31939, 
32047, 
32120, 
32216, 
32325, 
32423, 
32513, 
32600, 
32682, 
32772, 
32855, 
32955, 
33052, 
33159, 
33268, 
33389, 
33521, 
33674, 
33811, 
33976, 
34080, 
34217, 
34323, 
34417, 
34534, 
34651, 
34747, 
34870, 
34973, 
35067, 
35164, 
35268, 
35360, 
35462, 
35530, 
35610, 
35699, 
35790, 
35865, 
35952, 
36050, 
36160, 
36261, 
36381, 
36498, 
36606, 
36718, 
36824, 
36957, 
37106, 
37252, 
37401, 
37535, 
37640, 
37723, 
37796, 
37882, 
37938, 
38011, 
38096, 
38187, 
38279, 
38373, 
38479, 
38579, 
38691, 
38793, 
38883, 
38984, 
39107, 
39230, 
39339, 
39435, 
39551, 
39651, 
39759, 
39868, 
39967, 
40087, 
40222, 
40334, 
40428, 
40526, 
40597, 
40670, 
40749, 
40832, 
40900, 
40985, 
41075, 
41179, 
41277, 
41393, 
41509, 
41597, 
41720, 
41831, 
41928, 
42026, 
42131, 
42243, 
42366, 
42496, 
42617, 
42757, 
42872, 
42990, 
43127, 
43254, 
43404, 
43528, 
43647, 
43762, 
43885, 
43995, 
44098, 
44216, 
44344, 
44477, 
44616, 
44735, 
44852, 
44946, 
45061, 
45184, 
45309, 
45419, 
45527, 
45643, 
45754, 
45899, 
46028, 
46141, 
46250, 
46381, 
46502, 
46633, 
46771, 
46906, 
47036, 
47149, 
47292, 
47435, 
47572, 
47716, 
47849, 
47988, 
48122, 
48269, 
48405, 
48572, 
48711, 
48858, 
49021, 
49181, 
49314, 
49422, 
49545, 
49677, 
49797, 
49906, 
50035, 
50161, 
50301, 
50416, 
50518, 
50649, 
50767, 
50898, 
51024, 
51159, 
51270, 
51395, 
51505, 
51637, 
51760, 
51902, 
52032, 
52190, 
52347, 
52488, 
52600, 
52753, 
52912, 
53036, 
53175, 
53314, 
53456, 
53574, 
53717, 
53870, 
54013, 
54142, 
54247, 
54375, 
54517, 
54650, 
54756, 
54858, 
54963, 
55060, 
55170, 
55278, 
55391, 
55504, 
55612, 
55702, 
55806, 
55891, 
56011, 
56118, 
56227, 
56335, 
56440, 
56556, 
56677, 
56806, 
56913, 
57042, 
57144, 
57247, 
57340, 
57428, 
57510, 
57582, 
57649, 
57718, 
57796, 
57880, 
57952, 
58037, 
58123, 
58210, 
58290, 
58385, 
58456, 
58557, 
58657, 
58759, 
58846, 
58908, 
58989, 
59081, 
59152, 
59212, 
59276, 
59347, 
59428, 
59504, 
59561, 
59627, 
59688, 
59766, 
59834, 
59895, 
59953, 
59999, 
60061, 
60112, 
60189, 
60279, 
60348, 
60431, 
60514, 
60630, 
60750, 
60858, 
60980, 
61091, 
61192, 
61310, 
61449, 
61588, 
61723, 
61866, 
62015, 
62154, 
62281, 
62398, 
62506, 
62629, 
62750, 
62859, 
62968, 
63078, 
63184, 
63304, 
63414, 
63513, 
63582, 
63655, 
63745, 
63833, 
63909, 
63983, 
64077, 
64162, 
64235, 
64321, 
64409, 
64492, 
64580, 
64690, 
64793, 
64886, 
65002, 
65110, 
65209, 
65309, 
65430, 
65543, 
65663, 
65776, 
65896, 
66014, 
66164, 
66307, 
66467, 
66594, 
66739, 
66864, 
66963, 
67065, 
67170, 
67284, 
67374, 
67484, 
67596, 
67716, 
67853, 
67975, 
68104, 
68235, 
68347, 
68470, 
68588, 
68688, 
68812, 
68931, 
69059, 
69194, 
69331, 
69448, 
69564, 
69687, 
69841, 
69959, 
70093, 
70194, 
70323, 
70451, 
70579, 
70708, 
70834, 
70941, 
71047, 
71179, 
71300, 
71415, 
71537, 
71671, 
71801, 
71923, 
72034, 
72149, 
72259, 
72365, 
72464, 
72577, 
72693, 
72818, 
72922, 
73035, 
73165, 
73292, 
73405, 
73538, 
73677, 
73795, 
73913, 
74034, 
74150, 
74249, 
74353, 
74454, 
74544, 
74644, 
74726, 
74838, 
74931, 
75025, 
75151, 
75246, 
75332, 
75455, 
75564, 
75673, 
75803, 
75911, 
76040, 
76170, 
76276, 
76405, 
76533, 
76656, 
76785, 
76928, 
77074, 
77203, 
77327, 
77464, 
77591, 
77717, 
77841, 
77967, 
78090, 
78211, 
78328, 
78457, 
78583, 
78712, 
78823, 
78950, 
79097, 
79235, 
79369, 
79516, 
79631, 
79754, 
79895, 
80022, 
80131, 
80252, 
80389, 
80522, 
80654, 
80761, 
80865, 
80964, 
81073, 
81176, 
81307, 
81435, 
81565, 
81686, 
81818, 
81958, 
82113, 
82253, 
82379, 
82503, 
82671, 
82813, 
82940, 
83066, 
83184, 
83308, 
83428, 
83571, 
83717, 
83846, 
83975, 
84077, 
84199, 
84305, 
84447, 
84596, 
84724, 
84831, 
84953, 
85086, 
85223, 
85377, 
85518, 
85629, 
85761, 
85883, 
85994, 
86109, 
86229, 
86338, 
86460, 
86586, 
86712, 
86823, 
86934, 
87054, 
87191, 
87304, 
87430, 
87525, 
87633, 
87757, 
87867, 
87975, 
88078, 
88201, 
88323, 
88415, 
88534, 
88663, 
88779, 
88902, 
89022, 
89136, 
89248, 
89348, 
89441, 
89553, 
89666, 
89771, 
89881, 
89984, 
90101, 
90210, 
90315, 
90430, 
90541, 
90650, 
90783, 
90900, 
91030, 
91158, 
91264, 
91385, 
91491, 
91585, 
91695, 
91808, 
91905, 
92017, 
92152, 
92271, 
92389, 
92498, 
92578, 
92674, 
92798, 
92902, 
93015, 
93129, 
93282, 
93415, 
93551, 
93670, 
93809, 
93931, 
94054, 
94139, 
94246, 
94341, 
94445, 
94569, 
94704, 
94819, 
94932, 
95068, 
95174, 
95274, 
95368, 
95488, 
95612, 
95734, 
95848, 
95970, 
96060, 
96156, 
96275, 
96374, 
96460, 
96573, 
96699, 
96796, 
96926, 
97044, 
97170, 
97286, 
97408, 
97554, 
97701, 
97839, 
97960, 
98078, 
98215, 
98353, 
98472, 
98609, 
98735, 
98889, 
99033, 
99170, 
99285, 
99427, 
99583, 
99718, 
99860, 
99989, 
100108, 
100228, 
100364, 
100491, 
100624, 
100760, 
100885, 
101022, 
101161, 
101299, 
101461, 
101636, 
101790, 
101934, 
102045, 
102169, 
102305, 
102443, 
102584, 
102718, 
102851, 
102972, 
103096, 
103219, 
103335, 
103466, 
103603, 
103735, 
103874, 
104028, 
104172, 
104307, 
104426, 
104550, 
104670, 
104793, 
104924, 
105052, 
105181, 
105315, 
105433, 
105557, 
105684, 
105790, 
105912, 
106070, 
106213, 
106350, 
106463, 
106574, 
106701, 
106801, 
106908, 
107026, 
107152, 
107254, 
107357, 
107451, 
107559, 
107658, 
107774, 
107901, 
108016, 
108135, 
108243, 
108378, 
108495, 
108599, 
108715, 
108819, 
108952, 
109089, 
109205, 
109320, 
109416, 
109519, 
109660, 
109790, 
109924, 
110057, 
110204, 
110340, 
110486, 
110648, 
110775, 
110925, 
111064, 
111190, 
111333, 
111489, 
111636, 
111771, 
111900, 
112040, 
112158, 
112278, 
112412, 
112552, 
112681, 
112823, 
112946, 
113065, 
113181, 
113289, 
113418, 
113531, 
113645, 
113752, 
113883, 
113980, 
114080, 
114186, 
114304, 
114401, 
114532, 
114658, 
114779, 
114903, 
115007, 
115119, 
115250, 
115378, 
115520, 
115652, 
115775, 
115899, 
116039, 
116156, 
116277, 
116402, 
116515, 
116642, 
116776, 
116911, 
117047, 
117173, 
117302, 
117437, 
117558, 
117691, 
117800, 
117917, 
118043, 
118164, 
118310, 
118434, 
118578, 
118711, 
118830, 
118958, 
119080, 
119197, 
119326, 
119450, 
119586, 
119706, 
119839, 
119986, 
120113, 
120244, 
120373, 
120507, 
120659, 
120808, 
120970, 
121117, 
121250, 
121367, 
121500, 
121637, 
121794, 
121925, 
122053, 
122165, 
122292, 
122400, 
122529, 
122663, 
122794, 
122950, 
123099, 
123233, 
123375, 
123506, 
123610, 
123728, 
123847, 
123954, 
124046, 
124143, 
124242, 
124347, 
124453, 
124565, 
124686, 
124805, 
124935, 
125072, 
125206, 
125345, 
125475, 
125592, 
125716, 
125829, 
125948, 
126074, 
126191, 
126300, 
126391, 
126501, 
126608, 
126691, 
126794, 
126916, 
127034, 
127165, 
127283, 
127403, 
127530, 
127659, 
127786, 
127924, 
128039, 
128178, 
128282, 
128375, 
128469, 
128586, 
128714, 
128796, 
128899, 
128999, 
129103, 
129206, 
129337, 
129433, 
129553, 
129675, 
129784, 
129925, 
130064, 
130207, 
130337, 
130478, 
130635, 
130763, 
130878, 
131021, 
131128, 
131248, 
131383, 
131506, 
131616, 
131734, 
131856, 
131975, 
132117, 
132221, 
132328, 
132468, 
132600, 
132746, 
132878, 
133006, 
133134, 
133268, 
133404, 
133532, 
133658, 
133796, 
133899, 
134027, 
134142, 
134252, 
134365, 
134486, 
134607, 
134705, 
134795, 
134895, 
135001, 
135095, 
135198, 
135325, 
135462, 
135579, 
135699, 
135816, 
135919, 
136027, 
136135, 
136244, 
136357, 
136453, 
136555, 
136673, 
136790, 
136892, 
137003, 
137129, 
137239, 
137345, 
137453, 
137566, 
137707, 
137831, 
137962, 
138079, 
138197, 
138318, 
138433, 
138556, 
138669, 
138787, 
138916, 
139063, 
139178, 
139291, 
139411, 
139536, 
139659, 
139782, 
139895, 
140016, 
140125, 
140230, 
140334, 
140440, 
140563, 
140698, 
140833, 
140990, 
141115, 
141230, 
141336, 
141432, 
141530, 
141649, 
141765, 
141864, 
141986, 
142111, 
142244, 
142377, 
142497, 
142628, 
142771, 
142905, 
143039, 
143178, 
143323, 
143487, 
143640, 
143794, 
143950, 
144101, 
144253, 
144414, 
144562, 
144685, 
144825, 
144945, 
145065, 
145158, 
145252, 
145358, 
145485, 
145618, 
145744, 
145871, 
145956, 
146083, 
146173, 
146281, 
146408, 
146539, 
146674, 
146832, 
146991, 
147164, 
147300, 
147452, 
147584, 
147718, 
147831, 
147942, 
148061, 
148203, 
148358, 
148484, 
148589, 
148702, 
148828, 
148948, 
149073, 
149198, 
149315, 
149452, 
149566, 
149682, 
149765, 
149868, 
149980, 
150094, 
150232, 
150354, 
150451, 
150553, 
150665, 
150817, 
150936, 
151070, 
151196, 
151330, 
151458, 
151575, 
151710, 
151834, 
151965, 
152123, 
152262, 
152400, 
152543, 
152686, 
152818, 
152954, 
153074, 
153193, 
153311, 
153431, 
153535, 
153665, 
153799, 
153932, 
154051, 
154155, 
154288, 
154410, 
154519, 
154635, 
154759, 
154885, 
154982, 
155096, 
155192, 
155299, 
155392, 
155496, 
155595, 
155702, 
155818, 
155925, 
156014, 
156123, 
156215, 
156346, 
156461, 
156564, 
156691, 
156820, 
156964, 
157106, 
157216, 
157341, 
157471, 
157617, 
157758, 
157919, 
158038, 
158153, 
158280, 
158420, 
158552, 
158686, 
158813, 
158971, 
159107, 
159241, 
159379, 
159520, 
159650, 
159760, 
159855, 
159935, 
160033, 
160156, 
160271, 
160366, 
160449, 
160551, 
160664, 
160773, 
160873, 
160986, 
161094, 
161183, 
161284, 
161369, 
161454, 
161576, 
161685, 
161801, 
161899, 
162027, 
162136, 
162249, 
162365, 
162505, 
162645, 
162743, 
162881, 
163001, 
163128, 
163233, 
163352, 
163494, 
163626, 
163792, 
163931, 
164049, 
164163, 
164245, 
164344, 
164450, 
164556, 
164658, 
164756, 
164870, 
164981, 
165080, 
165191, 
165298, 
165376, 
165459, 
165523, 
165590, 
165688, 
165772, 
165842, 
165906, 
165975, 
166068, 
166175, 
166278, 
166377, 
166494, 
166599, 
166703, 
166815, 
166947, 
167072, 
167187, 
167288, 
167384, 
167504, 
167651, 
167805, 
167935, 
168042, 
168152, 
168265, 
168402, 
168525, 
168669, 
168801, 
168937, 
169047, 
169188, 
169332, 
169480, 
169627, 
169756, 
169870, 
169988, 
170098, 
170219, 
170318, 
170406, 
170513, 
170639, 
170767, 
170897, 
171020, 
171131, 
171243, 
171363, 
171482, 
171596, 
171703, 
171785, 
171883, 
171992, 
172084, 
172210, 
172321, 
172435, 
172571, 
172674, 
172783, 
172907, 
173034, 
173163, 
173269, 
173389, 
173500, 
173617, 
173730, 
173843, 
173970, 
174108, 
174233, 
174360, 
174473, 
174601, 
174725, 
174858, 
174964, 
175066, 
175176, 
175286, 
175388, 
175515, 
175650, 
175766, 
175899, 
176012, 
176121, 
176233, 
176338, 
176447, 
176565, 
176683, 
176796, 
176905, 
176995, 
177118, 
177240, 
177340, 
177424, 
177521, 
177613, 
177687, 
177757, 
177827, 
177903, 
177995, 
178078, 
178171, 
178283, 
178387, 
178486, 
178592, 
178677, 
178771, 
178864, 
178973, 
179064, 
179151, 
179263, 
179366, 
179461, 
179556, 
179677, 
179789, 
179896, 
180006, 
180103, 
180197, 
180276, 
180376, 
180495, 
180618, 
180733, 
180845, 
180975, 
181090, 
181211, 
181315, 
181412, 
181514, 
181613, 
181705, 
181816, 
181937, 
182042, 
182155, 
182235, 
182369, 
182485, 
182594, 
182722, 
182839, 
182948, 
183073, 
183205, 
183325, 
183468, 
183601, 
183745, 
183888, 
183999, 
184117, 
184241, 
184352, 
184490, 
184591, 
184677, 
184761, 
184872, 
184990, 
185091, 
185202, 
185310, 
185397, 
185461, 
185527, 
185590, 
185658, 
185734, 
185815, 
185879, 
185938, 
186008, 
186084, 
186154, 
186206, 
186262, 
186306, 
186353, 
186402, 
186468, 
186554, 
186630, 
186705, 
186784, 
186885, 
186976, 
187048, 
187129, 
187214, 
187301, 
187388, 
187492, 
187602, 
187720, 
187842, 
187964, 
188066, 
188180, 
188282, 
188360, 
188439, 
188542, 
188624, 
188707, 
188811, 
188897, 
188979, 
189049, 
189105, 
189175, 
189296, 
189413, 
189518, 
189618, 
189711, 
189809, 
189922, 
190007, 
190087, 
190181, 
190276, 
190370, 
190477, 
190583, 
190675, 
190782, 
190883, 
190980, 
191077, 
191151, 
191245, 
191334, 
191425, 
191518, 
191592, 
191664, 
191755, 
191835, 
191947, 
192055, 
192169, 
192281, 
192439, 
192535, 
192645, 
192730, 
192798, 
192864, 
192948, 
193023, 
193108, 
193178, 
193249, 
193347, 
193446, 
193545, 
193625, 
193722, 
193831, 
193913, 
193987, 
194096, 
194189, 
194286, 
194381, 
194480, 
194605, 
194719, 
194833, 
194918, 
195006, 
195101, 
195192, 
195296, 
195402, 
195526, 
195618, 
195695, 
195780, 
195875, 
195999, 
196107, 
196223, 
196347, 
196449, 
196568, 
196673, 
196795, 
196919, 
197031, 
197169, 
197295, 
197396, 
197489, 
197585, 
197680, 
197773, 
197855, 
197967, 
198065, 
198165, 
198268, 
198359, 
198455, 
198583, 
198709, 
198829, 
198937, 
199059, 
199148, 
199235, 
199312, 
199405, 
199488, 
199571, 
199629, 
199698, 
199785, 
199878, 
199952, 
200062, 
200186, 
200276, 
200358, 
200447, 
200534, 
200616, 
200701, 
200820, 
200923, 
201020, 
201113, 
201204, 
201310, 
201405, 
201514, 
201645, 
201744, 
201859, 
201969, 
202072, 
202182, 
202281, 
202399, 
202486, 
202583, 
202686, 
202807, 
202941, 
203066, 
203210, 
203341, 
203475, 
203620, 
203757, 
203887, 
204000, 
204129, 
204262, 
204380, 
204514, 
204630, 
204729, 
204851, 
204949, 
205054, 
205169, 
205290, 
205436, 
205551, 
205666, 
205779, 
205887, 
205986, 
206084, 
206192, 
206312, 
206427, 
206549, 
206695, 
206820, 
206934, 
207047, 
207170, 
207307, 
207414, 
207510, 
207611, 
207695, 
207805, 
207918, 
208035, 
208148, 
208250, 
208340, 
208415, 
208475, 
208560, 
208665, 
208761, 
208849, 
208916, 
208986, 
209091, 
209194, 
209328, 
209451, 
209563, 
209663, 
209770, 
209914, 
210020, 
210150, 
210257, 
210370, 
210478, 
210587, 
210679, 
210795, 
210908, 
211021, 
211131, 
211242, 
211365, 
211483, 
211597, 
211706, 
211796, 
211888, 
211986, 
212080, 
212168, 
212252, 
212346, 
212430, 
212510, 
212609, 
212709, 
212807, 
212911, 
212988, 
213068, 
213158, 
213262, 
213375, 
213468, 
213560, 
213636, 
213701, 
213763, 
213820, 
213888, 
213980, 
214063, 
214121, 
214201, 
214295, 
214380, 
214470, 
214568, 
214660, 
214751, 
214836, 
214934, 
215015, 
215103, 
215185, 
215266, 
215350, 
215447, 
215548, 
215648, 
215731, 
215820, 
215934, 
216026, 
216113, 
216219, 
216338, 
216447, 
216559, 
216675, 
216796, 
216938, 
217066, 
217198, 
217302, 
217407, 
217522, 
217633, 
217753, 
217858, 
217952, 
218038, 
218151, 
218250, 
218332, 
218422, 
218517, 
218610, 
218723, 
218812, 
218897, 
218980, 
219051, 
219119, 
219173, 
219240, 
219304, 
219360, 
219436, 
219500, 
219552, 
219629, 
219709, 
219787, 
219854, 
219933, 
220013, 
220081, 
220142, 
220211, 
220308, 
220392, 
220480, 
220544, 
220610, 
220697, 
220781, 
220855, 
220933, 
221006, 
221112, 
221199, 
221273, 
221356, 
221431, 
221505, 
221586, 
221670, 
221755, 
221840, 
221913, 
221980, 
222046, 
222107, 
222180, 
222237, 
222307, 
222382, 
222465, 
222560, 
222643, 
222708, 
222788, 
222858, 
222911, 
222956, 
223004, 
223056, 
223099, 
223140, 
223192, 
223254, 
223342, 
223421, 
223502, 
223591, 
223697, 
223800, 
223897, 
224008, 
224101, 
224205, 
224309, 
224420, 
224522, 
224615, 
224734, 
224853, 
224954, 
225077, 
225192, 
225296, 
225387, 
225472, 
225566, 
225655, 
225758, 
225851, 
225980, 
226071, 
226177, 
226282, 
226392, 
226484, 
226587, 
226676, 
226774, 
226884, 
226990, 
227077, 
227184, 
227287, 
227378, 
227490, 
227595, 
227712, 
227823, 
227938, 
228052, 
228161, 
228264, 
228400, 
228505, 
228646, 
228742, 
228843, 
228951, 
229098, 
229240, 
229347, 
229470, 
229613, 
229780, 
229941, 
230071, 
230217, 
230342, 
230480, 
230581, 
230703, 
230812, 
230955, 
231047, 
231150, 
231241, 
231339, 
231428, 
231532, 
231648, 
231763, 
231888, 
232016, 
232160, 
232299, 
232448, 
232591, 
232735, 
232851, 
232965, 
233056, 
233183, 
233299, 
233429, 
233545, 
233655, 
233769, 
233870, 
233972, 
234090, 
234216, 
234330, 
234448, 
234572, 
234706, 
234811, 
234926, 
235048, 
235168, 
235288, 
235419, 
235534, 
235676, 
235775, 
235893, 
235980, 
236096, 
236181, 
236313, 
236417, 
236519, 
236648, 
236774, 
236884, 
237000, 
237114, 
237237, 
237341, 
237453, 
237564, 
237663, 
237760, 
237862, 
237977, 
238080, 
238182, 
238274, 
238364, 
238473, 
238564, 
238669, 
238748, 
238868, 
238977, 
239098, 
239211, 
239340, 
239470, 
239582, 
239670, 
239760, 
239847, 
239925, 
240010, 
240090, 
240202, 
240314, 
240454, 
240578, 
240695, 
240834, 
240936, 
241041, 
241154, 
241240, 
241367, 
241491, 
241598, 
241691, 
241786, 
241906, 
242003, 
242105, 
242201, 
242314, 
242429, 
242529, 
242620, 
242717, 
242810, 
242905, 
242984, 
243106, 
243195, 
243278, 
243395, 
243488, 
243574, 
243633, 
243699, 
243788, 
243867, 
243938, 
244021, 
244106, 
244180, 
244250, 
244325, 
244378, 
244435, 
244506, 
244554, 
244640, 
244726, 
244815, 
244922, 
245013, 
245117, 
245222, 
245340, 
245436, 
245545, 
245653, 
245765, 
245862, 
245967, 
246077, 
246185, 
246293, 
246389, 
246502, 
246618, 
246720, 
246814, 
246894, 
246968, 
247069, 
247171, 
247302, 
247414, 
247524, 
247635, 
247748, 
247875, 
247968, 
248087, 
248210, 
248333, 
248446, 
248572, 
248683, 
248793, 
248901, 
249009, 
249134, 
249254, 
249362, 
249454, 
249552, 
249652, 
249771, 
249888, 
250027, 
250138, 
250237, 
250340, 
250464, 
250590, 
250704, 
250821, 
250945, 
251057, 
251185, 
251299, 
251409, 
251516, 
251632, 
251757, 
251861, 
251982, 
252059, 
252162, 
252257, 
252359, 
252474, 
252569, 
252663, 
252784, 
252928, 
253048, 
253180, 
253331, 
253439, 
253557, 
253695, 
253830, 
253976, 
254115, 
254242, 
254369, 
254479, 
254610, 
254726, 
254860, 
254984, 
255097, 
255223, 
255340, 
255462, 
255573, 
255690, 
255811, 
255915, 
256019, 
256145, 
256271, 
256357, 
256440, 
256521, 
256617, 
256706, 
256810, 
256907, 
256999, 
257113, 
257227, 
257336, 
257461, 
257580, 
257700, 
257820, 
257958, 
258085, 
258222, 
258336, 
258440, 
258538, 
258674, 
258810, 
258953, 
259107, 
259256, 
259403, 
259545, 
259691, 
259821, 
259955, 
260129, 
260301, 
260435, 
260576, 
260726, 
260860, 
261007, 
261134, 
261261, 
261400, 
261521, 
261644, 
261762, 
261894, 
262016, 
262119, 
262220, 
262331, 
262433, 
262541, 
262669, 
262800, 
262921, 
263042, 
263156, 
263253, 
263364, 
263495, 
263622, 
263743, 
263859, 
263982, 
264082, 
264189, 
264292, 
264399, 
264500, 
264622, 
264715, 
264823, 
264931, 
265056, 
265192, 
265310, 
265438, 
265555, 
265659, 
265750, 
265872, 
265980, 
266106, 
266228, 
266370, 
266488, 
266629, 
266778, 
266922, 
267061, 
267208, 
267362, 
267490, 
267609, 
267738, 
267850, 
267921, 
268009, 
268121, 
268256, 
268396, 
268526, 
268636, 
268745, 
268859, 
268933, 
269023, 
269121, 
269237, 
269359, 
269487, 
269615, 
269737, 
269847, 
269954, 
270071, 
270174, 
270270, 
270376, 
270483, 
270582, 
270669, 
270767, 
270869, 
270969, 
271081, 
271194, 
271301, 
271422, 
271526, 
271641, 
271771, 
271877, 
272015, 
272138, 
272254, 
272358, 
272480, 
272593, 
272690, 
272778, 
272893, 
272989, 
273102, 
273214, 
273359, 
273486, 
273622, 
273752, 
273872, 
273965, 
274047, 
274136, 
274244, 
274338, 
274441, 
274532, 
274613, 
274716, 
274793, 
274869, 
274960, 
275045, 
275124, 
275217, 
275307, 
275399, 
275489, 
275585, 
275676, 
275783, 
275874, 
275979, 
276064, 
276170, 
276265, 
276357, 
276445, 
276542, 
276649, 
276754, 
276849, 
276947, 
277040, 
277128, 
277231, 
277342, 
277443, 
277529, 
277624, 
277730, 
277816, 
277910, 
278044, 
278164, 
278281, 
278394, 
278507, 
278630, 
278759, 
278887, 
279006, 
279128, 
279248, 
279387, 
279512, 
279646, 
279770, 
279898, 
280029, 
280154, 
280288, 
280417, 
280547, 
280656, 
280767, 
280888, 
280988, 
281110, 
281233, 
281376, 
281519, 
281648, 
281764, 
281895, 
282025, 
282147, 
282255, 
282395, 
282541, 
282663, 
282793, 
282918, 
283028, 
283165, 
283288, 
283426, 
283565, 
283682, 
283813, 
283962, 
284090, 
284224, 
284349, 
284458, 
284579, 
284706, 
284830, 
284950, 
285062, 
285184, 
285310, 
285438, 
285565, 
285674, 
285811, 
285963, 
286103, 
286237, 
286375, 
286502, 
286609, 
286737, 
286847, 
286952, 
287067, 
287172, 
287285, 
287406, 
287510, 
287634, 
287742, 
287860, 
287995, 
288125, 
288244, 
288383, 
288514, 
288642, 
288786, 
288917, 
289067, 
289208, 
289340, 
289479, 
289612, 
289725, 
289852, 
289958, 
290099, 
290251, 
290381, 
290503, 
290625, 
290756, 
290874, 
290989, 
291099, 
291212, 
291336, 
291486, 
291594, 
291702, 
291807, 
291929, 
292042, 
292154, 
292281, 
292414, 
292539, 
292685, 
292812, 
292922, 
293046, 
293158, 
293298, 
293438, 
293580, 
293738, 
293883, 
294011, 
294143, 
294285, 
294408, 
294533, 
294656, 
294772, 
294881, 
294992, 
295112, 
295211, 
295317, 
295427, 
295544, 
295677, 
295808, 
295931, 
296042, 
296166, 
296295, 
296435, 
296560, 
296690, 
296841, 
296974, 
297110, 
297265, 
297396, 
297568, 
297697, 
297837, 
297985, 
298122, 
298246, 
298375, 
298504, 
298621, 
298746, 
298881, 
299014, 
299132, 
299253, 
299345, 
299433, 
299544, 
299646, 
299757, 
299854, 
299969, 
300100, 
300192, 
300297, 
300407, 
300512, 
300612, 
300711, 
300822, 
300928, 
301033, 
301139, 
301273, 
301412, 
301544, 
301672, 
301789, 
301899, 
301994, 
302109, 
302218, 
302303, 
302391, 
302502, 
302624, 
302727, 
302814, 
302921, 
303037, 
303157, 
303274, 
303404, 
303512, 
303619, 
303738, 
303863, 
303977, 
304106, 
304187, 
304268, 
304373, 
304473, 
304577, 
304704, 
304823, 
304929, 
305025, 
305117, 
305233, 
305353, 
305458, 
305559, 
305658, 
305764, 
305861, 
305964, 
306067, 
306166, 
306300, 
306440, 
306550, 
306652, 
306746, 
306840, 
306925, 
307016, 
307115, 
307191, 
307246, 
307313, 
307383, 
307474, 
307558, 
307627, 
307688, 
307759, 
307825, 
307913, 
307991, 
308100, 
308217, 
308325, 
308430, 
308525, 
308625, 
308722, 
308805, 
308906, 
308994, 
309097, 
309181, 
309272, 
309349, 
309435, 
309523, 
309615, 
309712, 
309792, 
309873, 
309932, 
310012, 
310089, 
310151, 
310253, 
310348, 
310420, 
310493, 
310600, 
310710, 
310810, 
310907, 
311014, 
311113, 
311204, 
311288, 
311398, 
311501, 
311592, 
311672, 
311759, 
311854, 
311964, 
312066, 
312170, 
312250, 
312364, 
312474, 
312554, 
312626, 
312720, 
312795, 
312868, 
312958, 
313059, 
313158, 
313256, 
313353, 
313464, 
313549, 
313620, 
313700, 
313775, 
313864, 
313935, 
313992, 
314078, 
314165, 
314254, 
314336, 
314421, 
314504, 
314587, 
314681, 
314764, 
314847, 
314932, 
315015, 
315114, 
315217, 
315347, 
315442, 
315556, 
315654, 
315780, 
315878, 
315965, 
316064, 
316170, 
316277, 
316370, 
316442, 
316522, 
316625, 
316727, 
316810, 
316911, 
316998, 
317088, 
317163, 
317237, 
317330, 
317415, 
317493, 
317582, 
317673, 
317791, 
317893, 
317996, 
318124, 
318232, 
318333, 
318429, 
318533, 
318615, 
318700, 
318794, 
318887, 
319011, 
319113, 
319204, 
319305, 
319422, 
319523, 
319638, 
319741, 
319837, 
319945, 
320028, 
320119, 
320203, 
320298, 
320394, 
320481, 
320571, 
320677, 
320758, 
320849, 
320947, 
321053, 
321163, 
321257, 
321354, 
321452, 
321531, 
321640, 
321737, 
321848, 
321943, 
322039, 
322129, 
322205, 
322295, 
322397, 
322491, 
322583, 
322684, 
322773, 
322867, 
322960, 
323058, 
323151, 
323228, 
323302, 
323413, 
323488, 
323584, 
323688, 
323801, 
323903, 
324019, 
324118, 
324238, 
324360, 
324478, 
324579, 
324700, 
324813, 
324943, 
325034, 
325134, 
325233, 
325337, 
325435, 
325542, 
325635, 
325754, 
325893, 
326015, 
326130, 
326233, 
326334, 
326413, 
326495, 
326605, 
326700, 
326793, 
326893, 
327009, 
327106, 
327238, 
327351, 
327478, 
327586, 
327691, 
327792, 
327886, 
327993, 
328101, 
328215, 
328330, 
328440, 
328553, 
328669, 
328776, 
328889, 
328993, 
329103, 
329211, 
329324, 
329445, 
329586, 
329710, 
329844, 
329980, 
330123, 
330249, 
330351, 
330470, 
330607, 
330732, 
330852, 
330996, 
331136, 
331264, 
331406, 
331553, 
331693, 
331819, 
331962, 
332087, 
332226, 
332380, 
332522, 
332647, 
332761, 
332857, 
332977, 
333093, 
333213, 
333307, 
333400, 
333483, 
333589, 
333687, 
333767, 
333882, 
333988, 
334101, 
334204, 
334304, 
334418, 
334532, 
334615, 
334710, 
334812, 
334927, 
335020, 
335118, 
335217, 
335324, 
335412, 
335492, 
335567, 
335663, 
335752, 
335855, 
335965, 
336080, 
336188, 
336284, 
336391, 
336524, 
336648, 
336773, 
336915, 
337046, 
337175, 
337287, 
337394, 
337482, 
337592, 
337705, 
337799, 
337908, 
338016, 
338104, 
338210, 
338320, 
338404, 
338499, 
338581, 
338669, 
338767, 
338839, 
338926, 
339012, 
339072, 
339148, 
339202, 
339279, 
339334, 
339393, 
339456, 
339533, 
339615, 
339687, 
339782, 
339883, 
339967, 
340059, 
340164, 
340259, 
340364, 
340469, 
340591, 
340687, 
340792, 
340869, 
340957, 
341066, 
341168, 
341265, 
341342, 
341399, 
341468, 
341547, 
341626, 
341700, 
341784, 
341860, 
341904, 
341967, 
342032, 
342100, 
342176, 
342256, 
342339, 
342425, 
342506, 
342569, 
342615, 
342652, 
342710, 
342780, 
342870, 
342981, 
343078, 
343173, 
343253, 
343333, 
343413, 
343509, 
343595, 
343730, 
343823, 
343937, 
344050, 
344153, 
344279, 
344401, 
344530, 
344643, 
344767, 
344888, 
345001, 
345090, 
345174, 
345262, 
345370, 
345486, 
345607, 
345718, 
345824, 
345936, 
346033, 
346116, 
346214, 
346308, 
346396, 
346498, 
346595, 
346664, 
346723, 
346779, 
346839, 
346900, 
346952, 
347027, 
347109, 
347179, 
347272, 
347374, 
347466, 
347568, 
347682, 
347789, 
347898, 
348014, 
348122, 
348226, 
348339, 
348430, 
348534, 
348644, 
348753, 
348868, 
348992, 
349087, 
349191, 
349279, 
349366, 
349479, 
349563, 
349645, 
349736, 
349834, 
349893, 
349987, 
350060, 
350141, 
350226, 
350314, 
350380, 
350459, 
350546, 
350598, 
350662, 
350756, 
350840, 
350910, 
350983, 
351051, 
351111, 
351198, 
351273, 
351372, 
351461, 
351556, 
351645, 
351749, 
351838, 
351950, 
352063, 
352167, 
352256, 
352350, 
352441, 
352537, 
352633, 
352732, 
352848, 
352953, 
353059, 
353175, 
353254, 
353342, 
353427, 
353545, 
353647, 
353752, 
353854, 
353936, 
354034, 
354136, 
354235, 
354331, 
354442, 
354544, 
354617, 
354685, 
354762, 
354838, 
354921, 
355003, 
355080, 
355176, 
355279, 
355359, 
355459, 
355547, 
355636, 
355728, 
355818, 
355895, 
355957, 
356030, 
356100, 
356181, 
356264, 
356335, 
356422, 
356476, 
356540, 
356609, 
356694, 
356785, 
356868, 
356940, 
357012, 
357082, 
357154, 
357216, 
357303, 
357362, 
357427, 
357501, 
357577, 
357656, 
357736, 
357792, 
357859, 
357944, 
358017, 
358087, 
358178, 
358273, 
358368, 
358449, 
358522, 
358591, 
358666, 
358756, 
358854, 
358953, 
359034, 
359113, 
359192, 
359285, 
359386, 
359463, 
359540, 
359610, 
359688, 
359775, 
359878, 
359931, 
359999, 
360061, 
360126, 
360194, 
360259, 
360334, 
360416, 
360495, 
360558, 
360648, 
360742, 
360841, 
360935, 
361045, 
361125, 
361176, 
361229, 
361308, 
361382, 
361475, 
361558, 
361652, 
361720, 
361801, 
361877, 
361956, 
362045, 
362108, 
362183, 
362267, 
362353, 
362437, 
362525, 
362616, 
362713, 
362788, 
362871, 
362953, 
363054, 
363147, 
363231, 
363321, 
363400, 
363477, 
363561, 
363633, 
363722, 
363834, 
363934, 
364043, 
364151, 
364255, 
364352, 
364451, 
364551, 
364654, 
364733, 
364828, 
364925, 
365031, 
365124, 
365209, 
365310, 
365408, 
365497, 
365567, 
365631, 
365690, 
365763, 
365842, 
365920, 
365989, 
366050, 
366117, 
366194, 
366259, 
366327, 
366405, 
366499, 
366581, 
366682, 
366787, 
366904, 
367020, 
367127, 
367246, 
367339, 
367440, 
367562, 
367665, 
367773, 
367887, 
367993, 
368091, 
368186, 
368264, 
368341, 
368421, 
368501, 
368578, 
368671, 
368751, 
368823, 
368920, 
368992, 
369066, 
369147, 
369242, 
369371, 
369471, 
369570, 
369663, 
369745, 
369832, 
369912, 
369967, 
370056, 
370160, 
370246, 
370330, 
370413, 
370482, 
370559, 
370663, 
370751, 
370849, 
370936, 
371043, 
371153, 
371249, 
371337, 
371429, 
371530, 
371642, 
371751, 
371846, 
371958, 
372069, 
372176, 
372279, 
372412, 
372532, 
372646, 
372748, 
372857, 
372962, 
373089, 
373218, 
373351, 
373479, 
373602, 
373699, 
373800, 
373893, 
373992, 
374065, 
374159, 
374274, 
374368, 
374443, 
374528, 
374616, 
374701, 
374797, 
374866, 
374966, 
375060, 
375142, 
375206, 
375281, 
375368, 
375446, 
375534, 
375609, 
375690, 
375760, 
375868, 
375973, 
376053, 
376151, 
376230, 
376300, 
376388, 
376483, 
376571, 
376663, 
376742, 
376838, 
376920, 
377011, 
377072, 
377133, 
377219, 
377301, 
377367, 
377440, 
377483, 
377548, 
377591, 
377642, 
377708, 
377790, 
377855, 
377926, 
377993, 
378083, 
378143, 
378212, 
378285, 
378380, 
378495, 
378599, 
378685, 
378776, 
378855, 
378924, 
378998, 
379065, 
379131, 
379198, 
379283, 
379365, 
379440, 
379523, 
379598, 
379690, 
379776, 
379846, 
379960, 
380063, 
380165, 
380266, 
380357, 
380440, 
380523, 
380628, 
380716, 
380822, 
380927, 
381017, 
381140, 
381264, 
381386, 
381520, 
381620, 
381702, 
381792, 
381874, 
381960, 
382049, 
382151, 
382242, 
382350, 
382446, 
382535, 
382614, 
382696, 
382783, 
382858, 
382939, 
383005, 
383097, 
383189, 
383298, 
383388, 
383484, 
383592, 
383699, 
383814, 
383906, 
384000, 
384076, 
384180, 
384283, 
384409, 
384557, 
384694, 
384821, 
384970, 
385110, 
385241, 
385361, 
385465, 
385580, 
385694, 
385816, 
385921, 
386044, 
386182, 
386319, 
386433, 
386546, 
386648, 
386764, 
386903, 
387036, 
387182, 
387306, 
387434, 
387581, 
387744, 
387904, 
388065, 
388224, 
388375, 
388512, 
388670, 
388819, 
388966, 
389094, 
389229, 
389341, 
389466, 
389572, 
389681, 
389796, 
389915, 
390029, 
390162, 
390267, 
390369, 
390480, 
390601, 
390710, 
390802, 
390914, 
391023, 
391117, 
391237, 
391371, 
391472, 
391568, 
391694, 
391796, 
391897, 
391988, 
392095, 
392207, 
392323, 
392437, 
392555, 
392669, 
392790, 
392893, 
392996, 
393088, 
393178, 
393260, 
393353, 
393464, 
393562, 
393671, 
393784, 
393909, 
394035, 
394139, 
394205, 
394267, 
394350, 
394468, 
394581, 
394668, 
394778, 
394857, 
394942, 
395052, 
395140, 
395238, 
395335, 
395454, 
395574, 
395686, 
395808, 
395929, 
396036, 
396130, 
396233, 
396334, 
396448, 
396567, 
396678, 
396805, 
396926, 
397023, 
397155, 
397261, 
397352, 
397434, 
397554, 
397642, 
397743, 
397848, 
397953, 
398052, 
398145, 
398237, 
398329, 
398425, 
398499, 
398565, 
398644, 
398733, 
398823, 
398918, 
399011, 
399104, 
399196, 
399271, 
399343, 
399443, 
399533, 
399635, 
399739, 
399843, 
399935, 
400027, 
400124, 
400237, 
400336, 
400447, 
400554, 
400663, 
400767, 
400857, 
400954, 
401035, 
401110, 
401208, 
401305, 
401427, 
401539, 
401646, 
401760, 
401872, 
401954, 
402067, 
402162, 
402279, 
402380, 
402484, 
402580, 
402685, 
402777, 
402879, 
402970, 
403075, 
403162, 
403251, 
403347, 
403442, 
403566, 
403672, 
403746, 
403835, 
403940, 
404054, 
404161, 
404253, 
404358, 
404473, 
404586, 
404670, 
404767, 
404881, 
404970, 
405072, 
405172, 
405257, 
405362, 
405470, 
405565, 
405648, 
405749, 
405850, 
405951, 
406055, 
406193, 
406320, 
406463, 
406575, 
406691, 
406817, 
406923, 
407038, 
407164, 
407255, 
407360, 
407460, 
407544, 
407616, 
407707, 
407789, 
407859, 
407967, 
408077, 
408169, 
408270, 
408371, 
408472, 
408595, 
408694, 
408799, 
408898, 
409008, 
409105, 
409220, 
409321, 
409431, 
409553, 
409655, 
409773, 
409888, 
410013, 
410147, 
410297, 
410420, 
410567, 
410692, 
410822, 
410956, 
411078, 
411189, 
411304, 
411437, 
411557, 
411686, 
411811, 
411936, 
412047, 
412164, 
412292, 
412422, 
412550, 
412670, 
412801, 
412933, 
413035, 
413144, 
413256, 
413372, 
413483, 
413583, 
413688, 
413792, 
413877, 
413955, 
414047, 
414150, 
414277, 
414393, 
414495, 
414580, 
414648, 
414716, 
414789, 
414852, 
414931, 
415001, 
415073, 
415161, 
415247, 
415322, 
415404, 
415480, 
415538, 
415600, 
415687, 
415785, 
415907, 
416033, 
416134, 
416213, 
416313, 
416428, 
416537, 
416646, 
416741, 
416826, 
416918, 
417024, 
417130, 
417247, 
417352, 
417448, 
417525, 
417598, 
417675, 
417758, 
417866, 
417965, 
418066, 
418177, 
418286, 
418402, 
418514, 
418626, 
418721, 
418836, 
418940, 
419065, 
419194, 
419314, 
419457, 
419595, 
419712, 
419822, 
419951, 
420080, 
420201, 
420301, 
420394, 
420504, 
420619, 
420695, 
420791, 
420871, 
420982, 
421082, 
421184, 
421266, 
421361, 
421469, 
421604, 
421740, 
421872, 
421974, 
422069, 
422162, 
422250, 
422387, 
422521, 
422639, 
422782, 
422901, 
423003, 
423146, 
423253, 
423401, 
423533, 
423671, 
423786, 
423923, 
424066, 
424204, 
424337, 
424487, 
424620, 
424743, 
424892, 
425036, 
425175, 
425285, 
425419, 
425539, 
425669, 
425795, 
425899, 
426032, 
426132, 
426208, 
426282, 
426383, 
426466, 
426542, 
426642, 
426749, 
426865, 
426985, 
427115, 
427264, 
427398, 
427531, 
427641, 
427748, 
427860, 
427993, 
428111, 
428226, 
428364, 
428480, 
428623, 
428754, 
428881, 
429015, 
429150, 
429269, 
429379, 
429524, 
429676, 
429803, 
429920, 
430036, 
430154, 
430279, 
430377, 
430484, 
430590, 
430703, 
430788, 
430893, 
430997, 
431114, 
431192, 
431296, 
431401, 
431519, 
431614, 
431724, 
431837, 
431944, 
432038, 
432147, 
432237, 
432327, 
432415, 
432512, 
432602, 
432670, 
432749, 
432829, 
432901, 
432965, 
433046, 
433113, 
433188, 
433279, 
433361, 
433428, 
433492, 
433574, 
433674, 
433786, 
433892, 
433959, 
434027, 
434092, 
434158, 
434231, 
434307, 
434364, 
434444, 
434507, 
434595, 
434676, 
434749, 
434821, 
434909, 
435000, 
435073, 
435140, 
435217, 
435305, 
435406, 
435500, 
435565, 
435625, 
435723, 
435820, 
435911, 
436035, 
436138, 
436241, 
436344, 
436444, 
436568, 
436671, 
436765, 
436861, 
436950, 
437033, 
437121, 
437226, 
437334, 
437428, 
437528, 
437618, 
437710, 
437814, 
437925, 
438015, 
438099, 
438193, 
438272, 
438339, 
438389, 
438450, 
438512, 
438574, 
438636, 
438719, 
438793, 
438867, 
438951, 
439049, 
439137, 
439208, 
439293, 
439384, 
439480, 
439601, 
439707, 
439800, 
439903, 
440019, 
440163, 
440275, 
440375, 
440502, 
440605, 
440700, 
440788, 
440866, 
440940, 
441005, 
441069, 
441143, 
441205, 
441276, 
441325, 
441386, 
441448, 
441531, 
441601, 
441699, 
441802, 
441887, 
441954, 
442027, 
442097, 
442167, 
442247, 
442314, 
442377, 
442467, 
442557, 
442638, 
442698, 
442797, 
442885, 
442961, 
443025, 
443098, 
443201, 
443291, 
443392, 
443481, 
443582, 
443675, 
443765, 
443853, 
443940, 
444028, 
444129, 
444261, 
444376, 
444493, 
444610, 
444709, 
444796, 
444915, 
445009, 
445116, 
445224, 
445327, 
445445, 
445563, 
445664, 
445765, 
445900, 
446032, 
446155, 
446276, 
446402, 
446525, 
446650, 
446782, 
446914, 
447034, 
447144, 
447238, 
447357, 
447465, 
447558, 
447665, 
447757, 
447836, 
447923, 
448014, 
448111, 
448223, 
448310, 
448418, 
448523, 
448649, 
448752, 
448860, 
448978, 
449096, 
449191, 
449258, 
449336, 
449426, 
449510, 
449592, 
449665, 
449766, 
449861, 
449960, 
450045, 
450137, 
450226, 
450345, 
450450, 
450559, 
450673, 
450786, 
450917, 
451054, 
451178, 
451329, 
451464, 
451599, 
451735, 
451865, 
451975, 
452086, 
452175, 
452267, 
452361, 
452456, 
452568, 
452672, 
452775, 
452892, 
452989, 
453092, 
453180, 
453293, 
453397, 
453501, 
453575, 
453682, 
453788, 
453877, 
453970, 
454061, 
454139, 
454220, 
454325, 
454404, 
454475, 
454566, 
454641, 
454735, 
454867, 
454969, 
455093, 
455208, 
455291, 
455384, 
455480, 
455571, 
455681, 
455792, 
455889, 
456025, 
456150, 
456275, 
456394, 
456515, 
456608, 
456689, 
456769, 
456848, 
456941, 
457028, 
457112, 
457185, 
457288, 
457373, 
457458, 
457545, 
457637, 
457737, 
457835, 
457909, 
457979, 
458052, 
458146, 
458216, 
458294, 
458356, 
458415, 
458466, 
458543, 
458595, 
458657, 
458731, 
458792, 
458849, 
458908, 
458984, 
459084, 
459213, 
459328, 
459446, 
459557, 
459665, 
459796, 
459908, 
460015, 
460134, 
460246, 
460364, 
460466, 
460555, 
460665, 
460771, 
460893, 
461039, 
461166, 
461281, 
461390, 
461510, 
461626, 
461741, 
461833, 
461969, 
462095, 
462208, 
462350, 
462500, 
462651, 
462782, 
462917, 
463042, 
463176, 
463300, 
463437, 
463566, 
463678, 
463799, 
463902, 
464017, 
464118, 
464223, 
464362, 
464460, 
464573, 
464692, 
464804, 
464936, 
465101, 
465235, 
465347, 
465481, 
465646, 
465797, 
465915, 
466039, 
466171, 
466291, 
466405, 
466522, 
466656, 
466757, 
466843, 
466933, 
467039, 
467140, 
467236, 
467320, 
467404, 
467509, 
467608, 
467699, 
467782, 
467899, 
468014, 
468131, 
468243, 
468345, 
468469, 
468578, 
468708, 
468822, 
468936, 
469059, 
469192, 
469298, 
469428, 
469549, 
469688, 
469822, 
469926, 
470036, 
470165, 
470277, 
470384, 
470504, 
470609, 
470720, 
470837, 
470954, 
471095, 
471242, 
471360, 
471492, 
471603, 
471684, 
471780, 
471896, 
472025, 
472164, 
472294, 
472417, 
472530, 
472638, 
472740, 
472865, 
473020, 
473145, 
473244, 
473355, 
473474, 
473594, 
473713, 
473837, 
473968, 
474082, 
474192, 
474303, 
474418, 
474535, 
474666, 
474800, 
474932, 
475078, 
475219, 
475345, 
475456, 
475589, 
475723, 
475844, 
475974, 
476104, 
476216, 
476338, 
476465, 
476565, 
476662, 
476752, 
476841, 
476937, 
477042, 
477139, 
477243, 
477353, 
477439, 
477545, 
477681, 
477799, 
477915, 
478004, 
478121, 
478244, 
478361, 
478472, 
478563, 
478669, 
478775, 
478893, 
479022, 
479134, 
479247, 
479339, 
479439, 
479522, 
479584, 
479661, 
479751, 
479844, 
479925, 
480016, 
480108, 
480200, 
480272, 
480350, 
480430, 
480530, 
480601, 
480694, 
480801, 
480901, 
481007, 
481131, 
481220, 
481339, 
481427, 
481534, 
481646, 
481743, 
481856, 
481956, 
482061, 
482149, 
482244, 
482327, 
482389, 
482476, 
482575, 
482674, 
482787, 
482882, 
482965, 
483050, 
483152, 
483250, 
483359, 
483472, 
483597, 
483715, 
483809, 
483916, 
484020, 
484121, 
484210, 
484325, 
484436, 
484563, 
484674, 
484769, 
484897, 
485007, 
485138, 
485263, 
485381, 
485505, 
485633, 
485778, 
485922, 
486056, 
486201, 
486334, 
486461, 
486593, 
486733, 
486895, 
487048, 
487185, 
487303, 
487431, 
487541, 
487672, 
487847, 
487959, 
488103, 
488220, 
488322, 
488459, 
488602, 
488734, 
488850, 
488976, 
489080, 
489192, 
489287, 
489423, 
489535, 
489667, 
489789, 
489954, 
490096, 
490212, 
490342, 
490482, 
490624, 
490740, 
490881, 
491018, 
491155, 
491296, 
491438, 
491609, 
491763, 
491922, 
492067, 
492203, 
492326, 
492452, 
492580, 
492706, 
492807, 
492921, 
493048, 
493166, 
493291, 
493406, 
493528, 
493621, 
493748, 
493860, 
493996, 
494113, 
494229, 
494349, 
494461, 
494568, 
494702, 
494819, 
494936, 
495058, 
495197, 
495300, 
495428, 
495553, 
495664, 
495765, 
495921, 
496056, 
496183, 
496280, 
496414, 
496536, 
496673, 
496805, 
496940, 
497056, 
497173, 
497284, 
497403, 
497517, 
497634, 
497743, 
497872, 
497975, 
498067, 
498165, 
498277, 
498391, 
498502, 
498599, 
498703, 
498838, 
498952, 
499060, 
499169, 
499276, 
499391, 
499508, 
499647, 
499764, 
499888, 
500010, 
500123, 
500247, 
500385, 
500546, 
500658, 
500793, 
500916, 
501010, 
501109, 
501218, 
501326, 
501447, 
501568, 
501708, 
501841, 
501960, 
502083, 
502211, 
502332, 
502439, 
502547, 
502662, 
502785, 
502901, 
503015, 
503140, 
503260, 
503367, 
503468, 
503571, 
503684, 
503793, 
503906, 
504034, 
504151, 
504270, 
504396, 
504531, 
504668, 
504782, 
504900, 
505035, 
505142, 
505252, 
505360, 
505486, 
505584, 
505716, 
505831, 
505961, 
506081, 
506188, 
506280, 
506390, 
506520, 
506654, 
506774, 
506914, 
507044, 
507158, 
507257, 
507355, 
507453, 
507561, 
507649, 
507769, 
507867, 
507957, 
508055, 
508166, 
508287, 
508407, 
508515, 
508662, 
508806, 
508971, 
509121, 
509269, 
509398, 
509532, 
509656, 
509783, 
509917, 
510028, 
510149, 
510272, 
510413, 
510564, 
510710, 
510827, 
510951, 
511083, 
511200, 
511317, 
511433, 
511564, 
511689, 
511808, 
511932, 
512052, 
512169, 
512279, 
512413, 
512553, 
512686, 
512812, 
512929, 
513065, 
513204, 
513351, 
513468, 
513582, 
513708, 
513833, 
513972, 
514107, 
514211, 
514325, 
514429, 
514539, 
514634, 
514744, 
514834, 
514936, 
515029, 
515140, 
515253, 
515383, 
515522, 
515668, 
515799, 
515917, 
516025, 
516176, 
516281, 
516393, 
516509, 
516631, 
516735, 
516851, 
516982, 
517102, 
517235, 
517379, 
517487, 
517600, 
517709, 
517827, 
517962, 
518092, 
518202, 
518329, 
518451, 
518577, 
518726, 
518854, 
518982, 
519094, 
519219, 
519347, 
519478, 
519586, 
519721, 
519827, 
519940, 
520070, 
520201, 
520331, 
520475, 
520614, 
520756, 
520867, 
520963, 
521056, 
521154, 
521241, 
521328, 
521439, 
521556, 
521694, 
521844, 
521968, 
522082, 
522203, 
522316, 
522425, 
522546, 
522668, 
522768, 
522885, 
522982, 
523112, 
523225, 
523349, 
523470, 
523573, 
523661, 
523746, 
523847, 
523938, 
524028, 
524131, 
524239, 
524349, 
524463, 
524555, 
524651, 
524750, 
524845, 
524913, 
524995, 
525099, 
525217, 
525353, 
525470, 
525589, 
525717, 
525838, 
525947, 
526064, 
526207, 
526299, 
526417, 
526530, 
526648, 
526768, 
526885, 
526982, 
527074, 
527156, 
527243, 
527326, 
527405, 
527502, 
527588, 
527675, 
527764, 
527884, 
527983, 
528089, 
528194, 
528284, 
528357, 
528414, 
528470, 
528524, 
528583, 
528638, 
528699, 
528765, 
528818, 
528863, 
528927, 
528980, 
529035, 
529116, 
529189, 
529269, 
529350, 
529433, 
529515, 
529612, 
529691, 
529746, 
529816, 
529896, 
529993, 
530071, 
530140, 
530224, 
530323, 
530394, 
530475, 
530557, 
530660, 
530765, 
530852, 
530920, 
530995, 
531068, 
531140, 
531231, 
531325, 
531441, 
531538, 
531653, 
531758, 
531861, 
531956, 
532035, 
532132, 
532233, 
532304, 
532381, 
532448, 
532528, 
532630, 
532725, 
532788, 
532865, 
532958, 
533057, 
533145, 
533236, 
533312, 
533388, 
533464, 
533541, 
533611, 
533703, 
533793, 
533877, 
533956, 
534032, 
534110, 
534200, 
534291, 
534378, 
534457, 
534551, 
534661, 
534759, 
534868, 
534978, 
535095, 
535195, 
535312, 
535412, 
535495, 
535587, 
535646, 
535723, 
535803, 
535889, 
535964, 
536032, 
536094, 
536179, 
536248, 
536317, 
536393, 
536460, 
536522, 
536595, 
536675, 
536751, 
536813, 
536867, 
536914, 
536979, 
537026, 
537088, 
537139, 
537220, 
537317, 
537392, 
537457, 
537533, 
537612, 
537700, 
537779, 
537864, 
537939, 
538032, 
538144, 
538232, 
538317, 
538417, 
538534, 
538642, 
538749, 
538859, 
538952, 
539062, 
539175, 
539257, 
539343, 
539439, 
539593, 
539702, 
539822, 
539920, 
540037, 
540157, 
540269, 
540405, 
540558, 
540686, 
540830, 
540955, 
541071, 
541183, 
541309, 
541448, 
541557, 
541685, 
541801, 
541928, 
542058, 
542192, 
542299, 
542410, 
542510, 
542620, 
542728, 
542855, 
542982, 
543106, 
543222, 
543355, 
543476, 
543604, 
543730, 
543871, 
544021, 
544150, 
544256, 
544372, 
544485, 
544617, 
544737, 
544869, 
544987, 
545114, 
545232, 
545367, 
545519, 
545661, 
545783, 
545877, 
546011, 
546134, 
546252, 
546358, 
546498, 
546615, 
546743, 
546861, 
546995, 
547108, 
547224, 
547352, 
547452, 
547563, 
547669, 
547779, 
547900, 
548020, 
548160, 
548294, 
548435, 
548569, 
548720, 
548850, 
548994, 
549129, 
549275, 
549423, 
549540, 
549673, 
549801, 
549935, 
550061, 
550180, 
550292, 
550401, 
550533, 
550669, 
550795, 
550917, 
551042, 
551163, 
551270, 
551404, 
551533, 
551652, 
551800, 
551942, 
552095, 
552200, 
552319, 
552452, 
552596, 
552731, 
552876, 
552999, 
553139, 
553255, 
553383, 
553519, 
553657, 
553810, 
553964, 
554087, 
554227, 
554358, 
554485, 
554608, 
554743, 
554858, 
554967, 
555081, 
555198, 
555334, 
555445, 
555568, 
555700, 
555814, 
555944, 
556072, 
556185, 
556334, 
556494, 
556648, 
556768, 
556902, 
557061, 
557192, 
557343, 
557492, 
557613, 
557759, 
557906, 
558064, 
558213, 
558348, 
558492, 
558652, 
558791, 
558913, 
559030, 
559147, 
559259, 
559367, 
559477, 
559576, 
559680, 
559788, 
559903, 
560018, 
560128, 
560239, 
560357, 
560477, 
560584, 
560686, 
560778, 
560886, 
561006, 
561109, 
561226, 
561335, 
561451, 
561580, 
561698, 
561801, 
561915, 
562032, 
562130, 
562233, 
562353, 
562477, 
562609, 
562735, 
562849, 
562959, 
563040, 
563145, 
563263, 
563378, 
563506, 
563623, 
563719, 
563842, 
563953, 
564045, 
564126, 
564194, 
564279, 
564390, 
564504, 
564625, 
564753, 
564890, 
565019, 
565133, 
565243, 
565347, 
565476, 
565600, 
565738, 
565874, 
565996, 
566132, 
566271, 
566410, 
566548, 
566656, 
566788, 
566936, 
567065, 
567193, 
567298, 
567399, 
567503, 
567615, 
567731, 
567844, 
567955, 
568056, 
568164, 
568281, 
568379, 
568497, 
568613, 
568715, 
568823, 
568939, 
569061, 
569163, 
569265, 
569387, 
569485, 
569606, 
569716, 
569813, 
569918, 
570003, 
570099, 
570172, 
570243, 
570323, 
570423, 
570531, 
570658, 
570763, 
570869, 
570971, 
571083, 
571194, 
571316, 
571431, 
571560, 
571668, 
571794, 
571917, 
572024, 
572148, 
572250, 
572364, 
572478, 
572565, 
572665, 
572769, 
572885, 
573009, 
573134, 
573271, 
573405, 
573532, 
573658, 
573773, 
573890, 
574007, 
574134, 
574264, 
574380, 
574497, 
574601, 
574711, 
574810, 
574900, 
574989, 
575087, 
575203, 
575320, 
575448, 
575564, 
575680, 
575797, 
575935, 
576072, 
576212, 
576322, 
576429, 
576516, 
576638, 
576767, 
576890, 
577018, 
577144, 
577269, 
577394, 
577530, 
577653, 
577782, 
577889, 
578003, 
578110, 
578217, 
578336, 
578464, 
578590, 
578704, 
578828, 
578959, 
579104, 
579237, 
579367, 
579488, 
579622, 
579748, 
579866, 
580010, 
580135, 
580256, 
580371, 
580497, 
580621, 
580753, 
580863, 
580979, 
581058, 
581148, 
581253, 
581348, 
581445, 
581531, 
581630, 
581733, 
581833, 
581950, 
582042, 
582146, 
582222, 
582304, 
582384, 
582482, 
582561, 
582647, 
582751, 
582845, 
582935, 
583026, 
583138, 
583218, 
583305, 
583395, 
583479, 
583570, 
583665, 
583776, 
583882, 
583982, 
584079, 
584189, 
584304, 
584417, 
584525, 
584638, 
584735, 
584843, 
584964, 
585078, 
585194, 
585295, 
585416, 
585537, 
585644, 
585763, 
585878, 
585993, 
586109, 
586231, 
586348, 
586456, 
586585, 
586705, 
586793, 
586895, 
586984, 
587075, 
587159, 
587256, 
587336, 
587415, 
587534, 
587649, 
587768, 
587883, 
587988, 
588105, 
588218, 
588326, 
588445, 
588560, 
588697, 
588822, 
588933, 
589049, 
589140, 
589242, 
589338, 
589450, 
589557, 
589662, 
589764, 
589873, 
589989, 
590107, 
590210, 
590311, 
590410, 
590509, 
590618, 
590739, 
590837, 
590929, 
591032, 
591143, 
591244, 
591356, 
591444, 
591529, 
591631, 
591736, 
591851, 
591967, 
592094, 
592227, 
592350, 
592480, 
592632, 
592751, 
592871, 
592993, 
593103, 
593182, 
593255, 
593327, 
593384, 
593480, 
593593, 
593692, 
593791, 
593879, 
593975, 
594078, 
594176, 
594285, 
594394, 
594464, 
594556, 
594635, 
594718, 
594802, 
594892, 
594962, 
595034, 
595112, 
595185, 
595268, 
595338, 
595401, 
595491, 
595580, 
595687, 
595812, 
595915, 
596011, 
596109, 
596200, 
596275, 
596337, 
596405, 
596474, 
596535, 
596610, 
596691, 
596781, 
596857, 
596958, 
597058, 
597162, 
597285, 
597401, 
597523, 
597658, 
597777, 
597861, 
597962, 
598041, 
598123, 
598177, 
598250, 
598321, 
598388, 
598464, 
598537, 
598605, 
598685, 
598775, 
598857, 
598927, 
598997, 
599106, 
599213, 
599300, 
599404, 
599501, 
599617, 
599724, 
599837, 
599942, 
600057, 
600164, 
600258, 
600338, 
600428, 
600517, 
600644, 
600766, 
600879, 
600975, 
601079, 
601198, 
601292, 
601392, 
601486, 
601591, 
601726, 
601842, 
601956, 
602074, 
602192, 
602319, 
602435, 
602542, 
602655, 
602773, 
602891, 
603004, 
603130, 
603277, 
603407, 
603540, 
603676, 
603818, 
603962, 
604104, 
604240, 
604384, 
604545, 
604687, 
604849, 
605000, 
605149, 
605303, 
605419, 
605557, 
605684, 
605821, 
605929, 
606058, 
606197, 
606343, 
606447, 
606553, 
606655, 
606745, 
606850, 
606955, 
607073, 
607192, 
607317, 
607446, 
607567, 
607684, 
607803, 
607909, 
608020, 
608134, 
608244, 
608369, 
608497, 
608614, 
608723, 
608833, 
608947, 
609086, 
609219, 
609370, 
609497, 
609634, 
609756, 
609872, 
609999, 
610120, 
610225, 
610335, 
610452, 
610575, 
610691, 
610789, 
610905, 
611005, 
611124, 
611228, 
611349, 
611454, 
611561, 
611667, 
611788, 
611893, 
612035, 
612160, 
612303, 
612433, 
612557, 
612685, 
612810, 
612938, 
613053, 
613171, 
613282, 
613393, 
613519, 
613644, 
613766, 
613882, 
613998, 
614111, 
614234, 
614333, 
614435, 
614568, 
614701, 
614806, 
614915, 
615038, 
615162, 
615278, 
615399, 
615487, 
615586, 
615662, 
615741, 
615831, 
615909, 
616003, 
616082, 
616135, 
616190, 
616261, 
616357, 
616458, 
616555, 
616662, 
616771, 
616885, 
617020, 
617147, 
617240, 
617334, 
617406, 
617483, 
617580, 
617681, 
617805, 
617922, 
618028, 
618152, 
618267, 
618371, 
618497, 
618605, 
618704, 
618820, 
618942, 
619047, 
619161, 
619282, 
619388, 
619481, 
619565, 
619632, 
619716, 
619803, 
619900, 
619994, 
620099, 
620206, 
620336, 
620453, 
620562, 
620654, 
620741, 
620839, 
620922, 
621011, 
621109, 
621203, 
621289, 
621390, 
621468, 
621543, 
621612, 
621695, 
621755, 
621820, 
621870, 
621933, 
622005, 
622063, 
622111, 
622170, 
622240, 
622327, 
622403, 
622505, 
622599, 
622674, 
622771, 
622860, 
622955, 
623039, 
623128, 
623243, 
623359, 
623431, 
623509, 
623579, 
623697, 
623789, 
623890, 
623971, 
624062, 
624154, 
624245, 
624333, 
624415, 
624514, 
624628, 
624704, 
624775, 
624857, 
624934, 
625024, 
625103, 
625184, 
625266, 
625350, 
625442, 
625513, 
625618, 
625702, 
625808, 
625923, 
626001, 
626091, 
626164, 
626242, 
626326, 
626420, 
626505, 
626578, 
626656, 
626745, 
626820, 
626887, 
627009, 
627116, 
627217, 
627321, 
627443, 
627577, 
627700, 
627800, 
627906, 
627996, 
628081, 
628157, 
628203, 
628255, 
628315, 
628387, 
628452, 
628513, 
628585, 
628654, 
628731, 
628821, 
628912, 
628992, 
629057, 
629126, 
629193, 
629281, 
629376, 
629478, 
629582, 
629710, 
629810, 
629916, 
630001, 
630096, 
630159, 
630233, 
630324, 
630405, 
630480, 
630574, 
630666, 
630770, 
630904, 
631010, 
631120, 
631224, 
631314, 
631400, 
631489, 
631598, 
631703, 
631794, 
631876, 
631939, 
632012, 
632090, 
632183, 
632287, 
632364, 
632463, 
632577, 
632676, 
632796, 
632904, 
632985, 
633076, 
633179, 
633284, 
633377, 
633476, 
633580, 
633671, 
633743, 
633830, 
633949, 
634056, 
634165, 
634287, 
634415, 
634536, 
634677, 
634818, 
634944, 
635067, 
635190, 
635304, 
635411, 
635512, 
635629, 
635736, 
635846, 
635957, 
636078, 
636214, 
636349, 
636482, 
636618, 
636741, 
636855, 
636973, 
637103, 
637242, 
637375, 
637491, 
637622, 
637746, 
637879, 
638011, 
638135, 
638263, 
638381, 
638497, 
638608, 
638747, 
638871, 
638994, 
639109, 
639253, 
639411, 
639555, 
639685, 
639838, 
640008, 
640176, 
640306, 
640454, 
640609, 
640773, 
640934, 
641085, 
641208, 
641344, 
641484, 
641618, 
641731, 
641846, 
641979, 
642112, 
642266, 
642413, 
642536, 
642667, 
642802, 
642913, 
643039, 
643197, 
643345, 
643484, 
643616, 
643748, 
643884, 
644037, 
644165, 
644300, 
644442, 
644579, 
644730, 
644877, 
645040, 
645177, 
645336, 
645476, 
645620, 
645757, 
645893, 
646034, 
646164, 
646265, 
646386, 
646524, 
646663, 
646799, 
646914, 
647046, 
647167, 
647298, 
647411, 
647523, 
647663, 
647804, 
647925, 
648029, 
648157, 
648264, 
648368, 
648485, 
648582, 
648708, 
648805, 
648913, 
649037, 
649150, 
649258, 
649372, 
649478, 
649609, 
649732, 
649854, 
649983, 
650105, 
650219, 
650340, 
650484, 
650605, 
650727, 
650868, 
650980, 
651086, 
651196, 
651312, 
651437, 
651554, 
651678, 
651804, 
651916, 
652033, 
652152, 
652252, 
652358, 
652463, 
652579, 
652687, 
652794, 
652922, 
653065, 
653196, 
653316, 
653451, 
653598, 
653735, 
653860, 
653983, 
654090, 
654193, 
654300, 
654405, 
654521, 
654633, 
654734, 
654829, 
654937, 
655065, 
655194, 
655309, 
655448, 
655582, 
655705, 
655819, 
655920, 
656025, 
656155, 
656289, 
656420, 
656536, 
656658, 
656785, 
656956, 
657076, 
657216, 
657344, 
657470, 
657610, 
657737, 
657852, 
657967, 
658082, 
658182, 
658314, 
658454, 
658602, 
658741, 
658869, 
659014, 
659115, 
659235, 
659391, 
659518, 
659643, 
659760, 
659869, 
659975, 
660090, 
660191, 
660292, 
660393, 
660525, 
660677, 
660806, 
660913, 
661017, 
661098, 
661182, 
661284, 
661380, 
661480, 
661582, 
661692, 
661786, 
661886, 
661983, 
662081, 
662211, 
662326, 
662451, 
662537, 
662630, 
662739, 
662824, 
662910, 
662991, 
663089, 
663204, 
663334, 
663447, 
663547, 
663661, 
663777, 
663871, 
663954, 
664054, 
664155, 
664273, 
664379, 
664492, 
664602, 
664682, 
664760, 
664851, 
664959, 
665031, 
665117, 
665194, 
665283, 
665355, 
665445, 
665530, 
665598, 
665669, 
665733, 
665818, 
665917, 
666009, 
666109, 
666217, 
666299, 
666367, 
666424, 
666493, 
666569, 
666644, 
666721, 
666795, 
666873, 
666944, 
666992, 
667056, 
667147, 
667237, 
667332, 
667420, 
667523, 
667599, 
667665, 
667753, 
667865, 
667972, 
668086, 
668198, 
668302, 
668409, 
668524, 
668610, 
668701, 
668769, 
668849, 
668920, 
668998, 
669079, 
669165, 
669244, 
669318, 
669398, 
669485, 
669561, 
669648, 
669729, 
669798, 
669852, 
669907, 
669964, 
670023, 
670076, 
670129, 
670190, 
670246, 
670318, 
670381, 
670450, 
670528, 
670610, 
670700, 
670769, 
670853, 
670940, 
671019, 
671100, 
671171, 
671265, 
671341, 
671400, 
671480, 
671562, 
671673, 
671771, 
671874, 
672003, 
672091, 
672189, 
672313, 
672414, 
672505, 
672599, 
672704, 
672803, 
672891, 
672972, 
673052, 
673152, 
673253, 
673336, 
673410, 
673497, 
673594, 
673689, 
673776, 
673859, 
673962, 
674063, 
674185, 
674283, 
674375, 
674467, 
674546, 
674646, 
674758, 
674864, 
674988, 
675113, 
675224, 
675345, 
675455, 
675562, 
675658, 
675756, 
675878, 
675998, 
676126, 
676234, 
676357, 
676472, 
676582, 
676686, 
676789, 
676906, 
677011, 
677102, 
677213, 
677324, 
677418, 
677538, 
677641, 
677728, 
677839, 
677962, 
678074, 
678215, 
678337, 
678469, 
678588, 
678700, 
678793, 
678880, 
678968, 
679080, 
679187, 
679310, 
679425, 
679552, 
679672, 
679787, 
679896, 
680022, 
680154, 
680273, 
680396, 
680515, 
680648, 
680758, 
680858, 
680947, 
681044, 
681159, 
681266, 
681373, 
681462, 
681571, 
681669, 
681775, 
681878, 
682011, 
682138, 
682273, 
682427, 
682548, 
682685, 
682810, 
682951, 
683066, 
683164, 
683270, 
683396, 
683528, 
683645, 
683764, 
683892, 
684032, 
684160, 
684295, 
684405, 
684509, 
684635, 
684771, 
684892, 
685023, 
685167, 
685294, 
685418, 
685520, 
685619, 
685742, 
685858, 
685976, 
686098, 
686214, 
686325, 
686411, 
686502, 
686607, 
686709, 
686832, 
686970, 
687106, 
687215, 
687320, 
687442, 
687549, 
687673, 
687798, 
687925, 
688050, 
688202, 
688315, 
688438, 
688572, 
688684, 
688781, 
688852, 
688933, 
689025, 
689123, 
689227, 
689335, 
689425, 
689526, 
689623, 
689721, 
689812, 
689877, 
689969, 
690044, 
690125, 
690204, 
690276, 
690365, 
690452, 
690556, 
690677, 
690783, 
690886, 
690981, 
691073, 
691154, 
691248, 
691374, 
691483, 
691583, 
691667, 
691748, 
691856, 
691980, 
692103, 
692203, 
692300, 
692389, 
692469, 
692549, 
692618, 
692715, 
692798, 
692866, 
692929, 
693003, 
693083, 
693183, 
693274, 
693352, 
693427, 
693469, 
693516, 
693566, 
693629, 
693681, 
693745, 
693813, 
693878, 
693959, 
694030, 
694098, 
694179, 
694265, 
694355, 
694441, 
694521, 
694615, 
694704, 
694773, 
694863, 
694936, 
695005, 
695084, 
695160, 
695281, 
695347, 
695420, 
695508, 
695572, 
695633, 
695700, 
695763, 
695843, 
695898, 
695976, 
696065, 
696169, 
696245, 
696337, 
696406, 
696477, 
696562, 
696633, 
696695, 
696751, 
696819, 
696911, 
697012, 
697085, 
697178, 
697263, 
697338, 
697418, 
697503, 
697563, 
697642, 
697712, 
697777, 
697845, 
697939, 
698034, 
698115, 
698203, 
698264, 
698335, 
698417, 
698521, 
698609, 
698678, 
698739, 
698839, 
698899, 
698976, 
699068, 
699173, 
699273, 
699367, 
699452, 
699521, 
699606, 
699698, 
699784, 
699906, 
700000, 
700094, 
700199, 
700289, 
700362, 
700412, 
700471, 
700538, 
700625, 
700709, 
700798, 
700893, 
700983, 
701085, 
701188, 
701305, 
701430, 
701533, 
701635, 
701738, 
701864, 
701996, 
702129, 
702260, 
702379, 
702510, 
702644, 
702769, 
702898, 
703033, 
703162, 
703274, 
703411, 
703552, 
703667, 
703784, 
703895, 
704006, 
704110, 
704235, 
704353, 
704455, 
704564, 
704633, 
704726, 
704836, 
704945, 
705030, 
705104, 
705205, 
705330, 
705454, 
705558, 
705662, 
705777, 
705868, 
705964, 
706078, 
706186, 
706283, 
706375, 
706486, 
706583, 
706685, 
706801, 
706922, 
707039, 
707150, 
707278, 
707408, 
707540, 
707666, 
707790, 
707896, 
707996, 
708094, 
708213, 
708348, 
708466, 
708580, 
708693, 
708800, 
708901, 
709026, 
709131, 
709246, 
709367, 
709503, 
709635, 
709765, 
709892, 
710033, 
710172, 
710305, 
710435, 
710569, 
710706, 
710818, 
710938, 
711040, 
711192, 
711333, 
711465, 
711577, 
711710, 
711843, 
711998, 
712117, 
712237, 
712346, 
712459, 
712564, 
712694, 
712838, 
712971, 
713082, 
713173, 
713267, 
713372, 
713475, 
713596, 
713722, 
713853, 
713973, 
714081, 
714189, 
714334, 
714476, 
714621, 
714742, 
714892, 
715027, 
715137, 
715252, 
715356, 
715455, 
715559, 
715658, 
715777, 
715889, 
716016, 
716142, 
716268, 
716392, 
716488, 
716571, 
716649, 
716745, 
716846, 
716942, 
717039, 
717153, 
717245, 
717332, 
717414, 
717504, 
717589, 
717701, 
717793, 
717890, 
717973, 
718054, 
718139, 
718223, 
718318, 
718382, 
718465, 
718540, 
718619, 
718680, 
718764, 
718849, 
718944, 
719066, 
719184, 
719309, 
719411, 
719530, 
719629, 
719749, 
719875, 
720008, 
720152, 
720278, 
720448, 
720584, 
720718, 
720849, 
720963, 
721107, 
721234, 
721352, 
721474, 
721602, 
721697, 
721802, 
721891, 
721976, 
722081, 
722193, 
722320, 
722429, 
722584, 
722693, 
722788, 
722909, 
723031, 
723152, 
723281, 
723412, 
723555, 
723681, 
723804, 
723926, 
724077, 
724251, 
724405, 
724534, 
724667, 
724815, 
724971, 
725104, 
725220, 
725364, 
725477, 
725599, 
725726, 
725854, 
725981, 
726095, 
726212, 
726333, 
726461, 
726601, 
726746, 
726881, 
727012, 
727156, 
727289, 
727435, 
727572, 
727697, 
727826, 
727942, 
728075, 
728196, 
728307, 
728429, 
728556, 
728668, 
728806, 
728933, 
729064, 
729198, 
729342, 
729479, 
729613, 
729745, 
729869, 
729998, 
730131, 
730241, 
730390, 
730517, 
730643, 
730786, 
730932, 
731068, 
731186, 
731307, 
731422, 
731530, 
731652, 
731748, 
731833, 
731921, 
732020, 
732116, 
732193, 
732294, 
732378, 
732483, 
732583, 
732679, 
732780, 
732866, 
732961, 
733049, 
733156, 
733263, 
733397, 
733528, 
733658, 
733758, 
733858, 
733956, 
734036, 
734129, 
734223, 
734322, 
734420, 
734520, 
734636, 
734738, 
734832, 
734959, 
735063, 
735156, 
735245, 
735370, 
735501, 
735623, 
735737, 
735838, 
735939, 
736044, 
736167, 
736260, 
736360, 
736491, 
736611, 
736729, 
736859, 
737014, 
737143, 
737266, 
737385, 
737511, 
737609, 
737722, 
737817, 
737931, 
738040, 
738155, 
738285, 
738433, 
738567, 
738703, 
738824, 
738948, 
739096, 
739226, 
739340, 
739471, 
739591, 
739722, 
739841, 
739970, 
740110, 
740227, 
740349, 
740483, 
740607, 
740723, 
740847, 
740952, 
741087, 
741200, 
741304, 
741413, 
741525, 
741643, 
741753, 
741843, 
741929, 
742025, 
742144, 
742278, 
742414, 
742545, 
742671, 
742807, 
742927, 
743060, 
743187, 
743300, 
743433, 
743575, 
743707, 
743825, 
743950, 
744077, 
744203, 
744337, 
744472, 
744636, 
744770, 
744887, 
745019, 
745151, 
745294, 
745436, 
745574, 
745719, 
745875, 
746031, 
746176, 
746314, 
746461, 
746630, 
746754, 
746864, 
746980, 
747114, 
747238, 
747361, 
747484, 
747652, 
747770, 
747882, 
747987, 
748109, 
748215, 
748320, 
748416, 
748526, 
748641, 
748759, 
748887, 
749023, 
749140, 
749275, 
749410, 
749546, 
749661, 
749774, 
749891, 
750006, 
750104, 
750215, 
750310, 
750428, 
750536, 
750641, 
750755, 
750896, 
751032, 
751147, 
751279, 
751423, 
751565, 
751715, 
751849, 
751986, 
752113, 
752252, 
752361, 
752467, 
752575, 
752674, 
752797, 
752909, 
753015, 
753144, 
753273, 
753381, 
753502, 
753626, 
753717, 
753815, 
753923, 
754013, 
754113, 
754214, 
754302, 
754406, 
754505, 
754628, 
754728, 
754823, 
754916, 
755006, 
755112, 
755214, 
755314, 
755417, 
755505, 
755620, 
755728, 
755837, 
755933, 
756032, 
756150, 
756268, 
756358, 
756465, 
756577, 
756704, 
756829, 
756941, 
757063, 
757168, 
757280, 
757382, 
757473, 
757577, 
757679, 
757809, 
757932, 
758040, 
758157, 
758291, 
758423, 
758542, 
758644, 
758749, 
758833, 
758934, 
759049, 
759159, 
759283, 
759404, 
759514, 
759630, 
759744, 
759836, 
759930, 
760065, 
760190, 
760314, 
760434, 
760561, 
760683, 
760829, 
760960, 
761082, 
761206, 
761325, 
761453, 
761601, 
761714, 
761830, 
761963, 
762076, 
762212, 
762316, 
762399, 
762493, 
762601, 
762707, 
762807, 
762912, 
763037, 
763160, 
763279, 
763424, 
763559, 
763690, 
763818, 
763920, 
764045, 
764153, 
764262, 
764367, 
764485, 
764585, 
764714, 
764829, 
764955, 
765104, 
765254, 
765397, 
765546, 
765693, 
765832, 
765980, 
766120, 
766256, 
766387, 
766521, 
766645, 
766750, 
766894, 
767039, 
767186, 
767347, 
767469, 
767620, 
767755, 
767893, 
768032, 
768159, 
768282, 
768405, 
768528, 
768671, 
768814, 
768942, 
769054, 
769145, 
769240, 
769337, 
769452, 
769547, 
769636, 
769739, 
769871, 
769995, 
770117, 
770222, 
770345, 
770476, 
770582, 
770701, 
770810, 
770937, 
771049, 
771159, 
771289, 
771395, 
771488, 
771579, 
771685, 
771796, 
771922, 
772036, 
772147, 
772248, 
772354, 
772494, 
772604, 
772701, 
772805, 
772907, 
773010, 
773142, 
773284, 
773422, 
773545, 
773647, 
773760, 
773863, 
773984, 
774096, 
774198, 
774332, 
774454, 
774588, 
774704, 
774834, 
774954, 
775060, 
775182, 
775299, 
775418, 
775530, 
775644, 
775785, 
775899, 
776039, 
776177, 
776304, 
776409, 
776525, 
776654, 
776791, 
776924, 
777034, 
777149, 
777277, 
777397, 
777501, 
777614, 
777731, 
777844, 
777946, 
778041, 
778179, 
778318, 
778445, 
778555, 
778694, 
778827, 
778966, 
779096, 
779231, 
779358, 
779480, 
779600, 
779726, 
779863, 
780004, 
780161, 
780312, 
780448, 
780566, 
780689, 
780813, 
780922, 
781031, 
781155, 
781273, 
781381, 
781500, 
781645, 
781769, 
781906, 
782049, 
782183, 
782305, 
782430, 
782545, 
782710, 
782843, 
782995, 
783138, 
783283, 
783422, 
783550, 
783689, 
783809, 
783961, 
784068, 
784208, 
784344, 
784476, 
784582, 
784691, 
784813, 
784912, 
785009, 
785132, 
785249, 
785386, 
785519, 
785635, 
785763, 
785901, 
786034, 
786153, 
786273, 
786442, 
786602, 
786747, 
786882, 
787016, 
787129, 
787256, 
787377, 
787532, 
787703, 
787853, 
787975, 
788107, 
788274, 
788419, 
788587, 
788740, 
788923, 
789047, 
789183, 
789302, 
789425, 
789565, 
789712, 
789857, 
790006, 
790179, 
790361, 
790497, 
790622, 
790761, 
790898, 
791009, 
791118, 
791257, 
791382, 
791515, 
791644, 
791773, 
791904, 
792036, 
792175, 
792301, 
792419, 
792512, 
792630, 
792737, 
792873, 
793025, 
793151, 
793274, 
793402, 
793541, 
793678, 
793833, 
793963, 
794093, 
794239, 
794363, 
794511, 
794652, 
794793, 
794915, 
795045, 
795208, 
795348, 
795491, 
795639, 
795739, 
795836, 
795938, 
796049, 
796162, 
796276, 
796413, 
796536, 
796660, 
796786, 
796929, 
797059, 
797180, 
797312, 
797442, 
797572, 
797709, 
797850, 
797982, 
798118, 
798267, 
798422, 
798562, 
798701, 
798853, 
799006, 
799148, 
799291, 
799414, 
799531, 
799659, 
799815, 
799956, 
800094, 
800220, 
800361, 
800499, 
800629, 
800755, 
800896, 
801056, 
801208, 
801345, 
801501, 
801674, 
801828, 
801983, 
802108, 
802246, 
802370, 
802510, 
802646, 
802785, 
802910, 
803048, 
803170, 
803312, 
803418, 
803542, 
803666, 
803796, 
803943, 
804073, 
804211, 
804330, 
804446, 
804544, 
804661, 
804779, 
804892, 
805011, 
805117, 
805246, 
805374, 
805513, 
805673, 
805849, 
805983, 
806121, 
806261, 
806380, 
806489, 
806620, 
806739, 
806883, 
807006, 
807129, 
807252, 
807365, 
807501, 
807631, 
807785, 
807956, 
808096, 
808245, 
808376, 
808496, 
808644, 
808760, 
808879, 
808991, 
809101, 
809233, 
809348, 
809455, 
809578, 
809707, 
809827, 
809934, 
810073, 
810217, 
810334, 
810469, 
810589, 
810748, 
810891, 
811009, 
811149, 
811295, 
811424, 
811545, 
811661, 
811775, 
811912, 
812045, 
812178, 
812297, 
812426, 
812571, 
812707, 
812849, 
812970, 
813081, 
813219, 
813387, 
813503, 
813629, 
813747, 
813872, 
814014, 
814122, 
814244, 
814356, 
814474, 
814570, 
814681, 
814799, 
814920, 
815016, 
815132, 
815234, 
815352, 
815472, 
815616, 
815737, 
815857, 
815960, 
816071, 
816189, 
816320, 
816479, 
816633, 
816797, 
816918, 
817045, 
817160, 
817279, 
817390, 
817520, 
817607, 
817715, 
817853, 
817981, 
818099, 
818208, 
818297, 
818386, 
818461, 
818555, 
818642, 
818747, 
818859, 
818959, 
819092, 
819220, 
819381, 
819507, 
819620, 
819736, 
819835, 
819927, 
820020, 
820129, 
820255, 
820373, 
820507, 
820629, 
820760, 
820871, 
821010, 
821137, 
821258, 
821385, 
821511, 
821644, 
821758, 
821873, 
821982, 
822125, 
822259, 
822398, 
822511, 
822635, 
822739, 
822843, 
822958, 
823055, 
823135, 
823229, 
823321, 
823444, 
823555, 
823669, 
823784, 
823892, 
824008, 
824106, 
824214, 
824314, 
824422, 
824533, 
824641, 
824748, 
824884, 
824996, 
825109, 
825215, 
825336, 
825444, 
825551, 
825636, 
825726, 
825816, 
825918, 
825988, 
826064, 
826130, 
826201, 
826290, 
826380, 
826467, 
826555, 
826622, 
826685, 
826746, 
826817, 
826900, 
826986, 
827073, 
827162, 
827246, 
827329, 
827428, 
827514, 
827605, 
827687, 
827790, 
827896, 
827989, 
828088, 
828158, 
828222, 
828299, 
828369, 
828453, 
828547, 
828659, 
828772, 
828883, 
828990, 
829071, 
829160, 
829245, 
829306, 
829394, 
829484, 
829553, 
829623, 
829712, 
829786, 
829849, 
829911, 
829963, 
830014, 
830072, 
830136, 
830202, 
830258, 
830349, 
830416, 
830467, 
830543, 
830612, 
830670, 
830730, 
830805, 
830876, 
830928, 
830994, 
831048, 
831102, 
831179, 
831297, 
831415, 
831534, 
831652, 
831750, 
831839, 
831938, 
832043, 
832158, 
832254, 
832382, 
832500, 
832613, 
832705, 
832789, 
832876, 
832990, 
833105, 
833224, 
833325, 
833446, 
833519, 
833582, 
833661, 
833739, 
833821, 
833883, 
833951, 
834026, 
834098, 
834175, 
834257, 
834360, 
834469, 
834534, 
834611, 
834680, 
834747, 
834825, 
834903, 
834993, 
835094, 
835175, 
835248, 
835327, 
835416, 
835518, 
835614, 
835701, 
835800, 
835907, 
835992, 
836097, 
836203, 
836309, 
836390, 
836487, 
836581, 
836674, 
836772, 
836854, 
836952, 
837051, 
837152, 
837264, 
837373, 
837477, 
837596, 
837720, 
837821, 
837932, 
838029, 
838132, 
838225, 
838313, 
838421, 
838511, 
838608, 
838689, 
838780, 
838864, 
838964, 
839074, 
839167, 
839264, 
839369, 
839465, 
839562, 
839675, 
839792, 
839899, 
840002, 
840102, 
840224, 
840354, 
840472, 
840597, 
840718, 
840830, 
840927, 
841054, 
841159, 
841269, 
841347, 
841433, 
841530, 
841651, 
841754, 
841877, 
841968, 
842080, 
842178, 
842284, 
842390, 
842474, 
842571, 
842664, 
842747, 
842849, 
842961, 
843097, 
843231, 
843382, 
843499, 
843615, 
843728, 
843826, 
843936, 
844037, 
844123, 
844222, 
844341, 
844463, 
844582, 
844685, 
844781, 
844871, 
844981, 
845081, 
845202, 
845290, 
845377, 
845468, 
845535, 
845593, 
845680, 
845762, 
845838, 
845910, 
845994, 
846075, 
846165, 
846245, 
846346, 
846449, 
846542, 
846646, 
846739, 
846817, 
846900, 
846989, 
847106, 
847215, 
847324, 
847443, 
847566, 
847696, 
847816, 
847919, 
848015, 
848103, 
848197, 
848281, 
848369, 
848476, 
848592, 
848719, 
848830, 
848931, 
849043, 
849165, 
849270, 
849370, 
849471, 
849576, 
849673, 
849798, 
849930, 
850035, 
850140, 
850232, 
850330, 
850436, 
850534, 
850619, 
850725, 
850839, 
850941, 
851054, 
851162, 
851298, 
851426, 
851554, 
851658, 
851758, 
851889, 
852016, 
852124, 
852217, 
852280, 
852359, 
852452, 
852520, 
852577, 
852645, 
852728, 
852824, 
852913, 
852998, 
853081, 
853171, 
853291, 
853374, 
853463, 
853561, 
853673, 
853759, 
853846, 
853937, 
854036, 
854172, 
854259, 
854373, 
854459, 
854555, 
854646, 
854752, 
854872, 
854966, 
855056, 
855155, 
855276, 
855378, 
855492, 
855607, 
855718, 
855815, 
855941, 
856072, 
856173, 
856285, 
856411, 
856529, 
856659, 
856808, 
856946, 
857091, 
857238, 
857372, 
857514, 
857635, 
857770, 
857903, 
858050, 
858165, 
858276, 
858383, 
858491, 
858614, 
858725, 
858832, 
858929, 
859043, 
859148, 
859265, 
859398, 
859521, 
859662, 
859779, 
859896, 
860038, 
860163, 
860279, 
860405, 
860510, 
860620, 
860738, 
860862, 
860956, 
861063, 
861180, 
861309, 
861424, 
861511, 
861588, 
861667, 
861733, 
861796, 
861871, 
861934, 
862016, 
862110, 
862195, 
862264, 
862338, 
862437, 
862519, 
862657, 
862759, 
862854, 
862963, 
863059, 
863134, 
863210, 
863262, 
863343, 
863425, 
863522, 
863618, 
863706, 
863776, 
863852, 
863910, 
863983, 
864061, 
864133, 
864207, 
864295, 
864367, 
864451, 
864523, 
864615, 
864726, 
864810, 
864899, 
864976, 
865050, 
865117, 
865193, 
865278, 
865361, 
865439, 
865498, 
865564, 
865649, 
865717, 
865776, 
865840, 
865911, 
865993, 
866083, 
866162, 
866241, 
866317, 
866392, 
866464, 
866530, 
866580, 
866629, 
866685, 
866738, 
866798, 
866859, 
866926, 
866992, 
867066, 
867135, 
867223, 
867320, 
867436, 
867546, 
867646, 
867754, 
867849, 
867949, 
868053, 
868156, 
868265, 
868369, 
868494, 
868600, 
868694, 
868795, 
868883, 
868956, 
869039, 
869121, 
869205, 
869299, 
869396, 
869490, 
869604, 
869712, 
869847, 
869970, 
870080, 
870183, 
870273, 
870382, 
870483, 
870575, 
870665, 
870753, 
870866, 
870982, 
871110, 
871225, 
871303, 
871398, 
871504, 
871611, 
871718, 
871815, 
871916, 
872035, 
872140, 
872252, 
872350, 
872451, 
872528, 
872631, 
872733, 
872808, 
872882, 
872948, 
873041, 
873162, 
873274, 
873396, 
873518, 
873663, 
873788, 
873918, 
874026, 
874147, 
874271, 
874383, 
874508, 
874611, 
874711, 
874812, 
874899, 
874987, 
875080, 
875188, 
875283, 
875385, 
875487, 
875583, 
875688, 
875812, 
875926, 
876034, 
876131, 
876213, 
876302, 
876389, 
876492, 
876600, 
876705, 
876809, 
876913, 
877002, 
877093, 
877197, 
877297, 
877403, 
877489, 
877606, 
877741, 
877882, 
878005, 
878135, 
878251, 
878354, 
878478, 
878637, 
878766, 
878880, 
879014, 
879144, 
879273, 
879383, 
879503, 
879628, 
879748, 
879877, 
879986, 
880099, 
880224, 
880330, 
880445, 
880551, 
880640, 
880740, 
880826, 
880917, 
881022, 
881135, 
881224, 
881315, 
881414, 
881518, 
881619, 
881728, 
881846, 
881955, 
882027, 
882118, 
882202, 
882296, 
882367, 
882466, 
882538, 
882628, 
882709, 
882804, 
882904, 
883025, 
883139, 
883237, 
883341, 
883433, 
883525, 
883635, 
883748, 
883860, 
883988, 
884121, 
884243, 
884390, 
884510, 
884633, 
884757, 
884874, 
884989, 
885102, 
885223, 
885358, 
885467, 
885607, 
885734, 
885820, 
885930, 
886021, 
886138, 
886257, 
886367, 
886473, 
886579, 
886682, 
886790, 
886907, 
887012, 
887127, 
887259, 
887359, 
887510, 
887610, 
887726, 
887839, 
887971, 
888111, 
888233, 
888357, 
888506, 
888616, 
888708, 
888805, 
888933, 
889051, 
889156, 
889291, 
889431, 
889555, 
889669, 
889810, 
889955, 
890110, 
890213, 
890327, 
890434, 
890546, 
890673, 
890798, 
890906, 
891038, 
891183, 
891304, 
891440, 
891582, 
891726, 
891868, 
892000, 
892107, 
892219, 
892356, 
892443, 
892526, 
892641, 
892748, 
892875, 
892972, 
893067, 
893174, 
893269, 
893368, 
893443, 
893525, 
893598, 
893657, 
893722, 
893799, 
893896, 
893987, 
894072, 
894170, 
894272, 
894365, 
894460, 
894552, 
894652, 
894737, 
894805, 
894878, 
894941, 
895019, 
895112, 
895196, 
895288, 
895372, 
895477, 
895558, 
895667, 
895764, 
895865, 
895974, 
896089, 
896210, 
896322, 
896428, 
896528, 
896650, 
896753, 
896876, 
896958, 
897020, 
897121, 
897206, 
897284, 
897362, 
897445, 
897532, 
897619, 
897719, 
897812, 
897909, 
898008, 
898116, 
898204, 
898289, 
898399, 
898513, 
898641, 
898725, 
898841, 
898956, 
899064, 
899198, 
899303, 
899408, 
899518, 
899624, 
899732, 
899836, 
899930, 
900030, 
900136, 
900254, 
900365, 
900474, 
900608, 
900747, 
900866, 
900977, 
901089, 
901204, 
901278, 
901378, 
901464, 
901579, 
901680, 
901768, 
901869, 
901966, 
902067, 
902167, 
902276, 
902381, 
902490, 
902616, 
902745, 
902890, 
903007, 
903121, 
903248, 
903382, 
903501, 
903616, 
903761, 
903884, 
904018, 
904162, 
904292, 
904431, 
904569, 
904684, 
904797, 
904925, 
905063, 
905188, 
905326, 
905451, 
905566, 
905709, 
905839, 
905964, 
906085, 
906207, 
906318, 
906443, 
906580, 
906681, 
906796, 
906906, 
907041, 
907149, 
907286, 
907421, 
907532, 
907658, 
907809, 
907970, 
908095, 
908220, 
908351, 
908480, 
908605, 
908733, 
908848, 
909003, 
909133, 
909253, 
909382, 
909480, 
909589, 
909717, 
909816, 
909910, 
910017, 
910123, 
910234, 
910369, 
910480, 
910584, 
910701, 
910832, 
910946, 
911075, 
911190, 
911319, 
911446, 
911573, 
911691, 
911824, 
911941, 
912055, 
912159, 
912276, 
912366, 
912512, 
912644, 
912774, 
912903, 
913047, 
913186, 
913329, 
913458, 
913560, 
913685, 
913860, 
914019, 
914182, 
914308, 
914448, 
914564, 
914670, 
914794, 
914914, 
915028, 
915143, 
915247, 
915344, 
915476, 
915612, 
915757, 
915879, 
916001, 
916114, 
916235, 
916366, 
916501, 
916642, 
916773, 
916908, 
917037, 
917162, 
917294, 
917425, 
917571, 
917693, 
917803, 
917899, 
918021, 
918121, 
918223, 
918340, 
918473, 
918616, 
918746, 
918857, 
918967, 
919087, 
919175, 
919280, 
919377, 
919486, 
919585, 
919708, 
919810, 
919922, 
920032, 
920147, 
920298, 
920402, 
920504, 
920623, 
920740, 
920822, 
920921, 
921040, 
921171, 
921278, 
921373, 
921468, 
921588, 
921683, 
921787, 
921886, 
921993, 
922099, 
922205, 
922318, 
922413, 
922515, 
922618, 
922711, 
922802, 
922919, 
923042, 
923166, 
923265, 
923369, 
923490, 
923620, 
923744, 
923852, 
923982, 
924125, 
924295, 
924423, 
924535, 
924658, 
924769, 
924899, 
925016, 
925141, 
925261, 
925368, 
925491, 
925613, 
925761, 
925910, 
926049, 
926195, 
926359, 
926487, 
926615, 
926725, 
926845, 
926952, 
927074, 
927184, 
927295, 
927415, 
927523, 
927632, 
927740, 
927885, 
928003, 
928129, 
928253, 
928386, 
928524, 
928645, 
928765, 
928907, 
929026, 
929166, 
929273, 
929387, 
929485, 
929581, 
929676, 
929762, 
929868, 
929972, 
930085, 
930181, 
930290, 
930404, 
930516, 
930616, 
930722, 
930809, 
930917, 
931038, 
931146, 
931243, 
931343, 
931401, 
931471, 
931556, 
931641, 
931728, 
931801, 
931911, 
932014, 
932137, 
932251, 
932376, 
932476, 
932589, 
932701, 
932838, 
932965, 
933068, 
933163, 
933262, 
933359, 
933433, 
933511, 
933595, 
933687, 
933805, 
933908, 
934002, 
934115, 
934247, 
934366, 
934460, 
934566, 
934680, 
934804, 
934917, 
935024, 
935125, 
935234, 
935375, 
935492, 
935590, 
935685, 
935773, 
935897, 
936006, 
936113, 
936232, 
936367, 
936479, 
936600, 
936720, 
936828, 
936930, 
937032, 
937133, 
937246, 
937370, 
937497, 
937615, 
937731, 
937847, 
937977, 
938105, 
938232, 
938336, 
938465, 
938609, 
938757, 
938877, 
938989, 
939111, 
939201, 
939327, 
939428, 
939544, 
939649, 
939750, 
939862, 
939968, 
940081, 
940213, 
940354, 
940481, 
940593, 
940693, 
940802, 
940916, 
941023, 
941133, 
941252, 
941364, 
941472, 
941575, 
941686, 
941827, 
941962, 
942090, 
942207, 
942332, 
942452, 
942557, 
942662, 
942773, 
942888, 
942990, 
943110, 
943231, 
943371, 
943486, 
943579, 
943680, 
943764, 
943868, 
943956, 
944036, 
944139, 
944249, 
944371, 
944479, 
944564, 
944665, 
944768, 
944871, 
944986, 
945097, 
945205, 
945307, 
945416, 
945522, 
945624, 
945736, 
945857, 
945957, 
946065, 
946185, 
946316, 
946435, 
946537, 
946644, 
946746, 
946853, 
946962, 
947069, 
947168, 
947266, 
947375, 
947482, 
947594, 
947703, 
947803, 
947919, 
948040, 
948149, 
948279, 
948405, 
948520, 
948641, 
948788, 
948900, 
949050, 
949193, 
949342, 
949493, 
949641, 
949760, 
949857, 
949976, 
950111, 
950247, 
950387, 
950509, 
950622, 
950747, 
950864, 
950960, 
951093, 
951206, 
951316, 
951441, 
951563, 
951686, 
951810, 
951924, 
952060, 
952196, 
952317, 
952436, 
952578, 
952708, 
952843, 
952984, 
953122, 
953246, 
953378, 
953510, 
953638, 
953777, 
953899, 
954020, 
954138, 
954283, 
954425, 
954549, 
954657, 
954769, 
954892, 
955007, 
955107, 
955215, 
955351, 
955475, 
955612, 
955753, 
955877, 
956022, 
956170, 
956329, 
956457, 
956560, 
956705, 
956836, 
956980, 
957119, 
957253, 
957402, 
957555, 
957680, 
957808, 
957943, 
958060, 
958181, 
958306, 
958423, 
958558, 
958704, 
958847, 
959001, 
959151, 
959261, 
959380, 
959499, 
959625, 
959765, 
959910, 
960046, 
960163, 
960275, 
960392, 
960503, 
960610, 
960719, 
960824, 
960926, 
961031, 
961150, 
961252, 
961356, 
961433, 
961527, 
961631, 
961745, 
961859, 
961959, 
962060, 
962154, 
962240, 
962328, 
962432, 
962533, 
962672, 
962809, 
962935, 
963065, 
963189, 
963310, 
963424, 
963527, 
963628, 
963760, 
963894, 
964015, 
964172, 
964308, 
964441, 
964566, 
964705, 
964826, 
964953, 
965088, 
965219, 
965331, 
965452, 
965585, 
965698, 
965824, 
965935, 
966021, 
966145, 
966250, 
966379, 
966492, 
966626, 
966756, 
966886, 
967017, 
967165, 
967323, 
967440, 
967577, 
967701, 
967839, 
967955, 
968066, 
968199, 
968332, 
968471, 
968608, 
968747, 
968873, 
969006, 
969116, 
969221, 
969339, 
969434, 
969563, 
969695, 
969844, 
969990, 
970119, 
970246, 
970358, 
970490, 
970604, 
970691, 
970801, 
970904, 
971023, 
971128, 
971218, 
971321, 
971439, 
971553, 
971662, 
971777, 
971874, 
971983, 
972100, 
972224, 
972337, 
972464, 
972574, 
972694, 
972811, 
972908, 
973019, 
973126, 
973238, 
973376, 
973504, 
973620, 
973737, 
973867, 
973986, 
974120, 
974265, 
974410, 
974535, 
974647, 
974747, 
974864, 
974986, 
975089, 
975193, 
975304, 
975424, 
975527, 
975642, 
975730, 
975841, 
975973, 
976078, 
976170, 
976270, 
976378, 
976475, 
976578, 
976661, 
976771, 
976888, 
977026, 
977149, 
977255, 
977349, 
977450, 
977548, 
977625, 
977706, 
977790, 
977892, 
978006, 
978107, 
978205, 
978317, 
978428, 
978523, 
978596, 
978668, 
978739, 
978815, 
978882, 
978974, 
979087, 
979204, 
979293, 
979397, 
979486, 
979581, 
979676, 
979790, 
979865, 
979965, 
980048, 
980128, 
980211, 
980296, 
980365, 
980440, 
980531, 
980607, 
980680, 
980758, 
980838, 
980916, 
980999, 
981082, 
981167, 
981276, 
981375, 
981477, 
981567, 
981649, 
981739, 
981838, 
981953, 
982074, 
982173, 
982249, 
982331, 
982404, 
982465, 
982540, 
982611, 
982663, 
982739, 
982827, 
982919, 
983013, 
983094, 
983197, 
983292, 
983403, 
983510, 
983608, 
983714, 
983806, 
983890, 
983979, 
984069, 
984158, 
984268, 
984383, 
984471, 
984568, 
984666, 
984779, 
984876, 
984974, 
985073, 
985181, 
985285, 
985380, 
985475, 
985566, 
985654, 
985762, 
985857, 
985941, 
986018, 
986078, 
986146, 
986227, 
986317, 
986416, 
986508, 
986633, 
986742, 
986846, 
986942, 
987041, 
987142, 
987239, 
987311, 
987392, 
987462, 
987530, 
987602, 
987708, 
987807, 
987889, 
987962, 
988043, 
988125, 
988214, 
988321, 
988429, 
988555, 
988670, 
988784, 
988866, 
988975, 
989086, 
989181, 
989262, 
989374, 
989466, 
989563, 
989675, 
989771, 
989866, 
989976, 
990083, 
990214, 
990325, 
990428, 
990536, 
990648, 
990753, 
990858, 
990977, 
991083, 
991197, 
991321, 
991410, 
991509, 
991605, 
991672, 
991773, 
991875, 
991977, 
992068, 
992157, 
992260, 
992365, 
992453, 
992565, 
992652, 
992762, 
992911, 
993046, 
993167, 
993271, 
993385, 
993472, 
993591, 
993678, 
993798, 
993920, 
994025, 
994157, 
994280, 
994394, 
994513, 
994640, 
994757, 
994864, 
994971, 
995062, 
995138, 
995229, 
995325, 
995425, 
995532, 
995639, 
995753, 
995843, 
995938, 
996030, 
996125, 
996237, 
996339, 
996463, 
996577, 
996699, 
996823, 
996921, 
997031, 
997181, 
997322, 
997461, 
997590, 
997711, 
997837, 
997966, 
998102, 
998224, 
998361, 
998485, 
998604, 
998707, 
998828, 
998943, 
999058, 
999192, 
999302, 
999422, 
999578, 
999709, 
999850, 
999993, 
1000122, 
1000243, 
1000361, 
1000485, 
1000613, 
1000711, 
1000812, 
1000941, 
1001064, 
1001204, 
1001345, 
1001466, 
1001607, 
1001720, 
1001838, 
1001964, 
1002075, 
1002206, 
1002318, 
1002442, 
1002589, 
1002730, 
1002874, 
1002994, 
1003129, 
1003264, 
1003353, 
1003472, 
1003583, 
1003711, 
1003846, 
1003968, 
1004111, 
1004238, 
1004354, 
1004466, 
1004568, 
1004670, 
1004786, 
1004902, 
1004998, 
1005111, 
1005226, 
1005331, 
1005435, 
1005534, 
1005638, 
1005738, 
1005834, 
1005911, 
1005979, 
1006057, 
1006156, 
1006250, 
1006350, 
1006425, 
1006499, 
1006580, 
1006658, 
1006742, 
1006839, 
1006943, 
1007053, 
1007165, 
1007279, 
1007393, 
1007491, 
1007574, 
1007658, 
1007740, 
1007816, 
1007887, 
1007956, 
1008010, 
1008065, 
1008126, 
1008173, 
1008210, 
1008267, 
1008332, 
1008412, 
1008488, 
1008588, 
1008670, 
1008751, 
1008818, 
1008905, 
1008987, 
1009075, 
1009171, 
1009263, 
1009334, 
1009402, 
1009490, 
1009586, 
1009674, 
1009793, 
1009887, 
1009983, 
1010077, 
1010145, 
1010240, 
1010351, 
1010431, 
1010519, 
1010606, 
1010709, 
1010803, 
1010886, 
1010976, 
1011063, 
1011154, 
1011248, 
1011339, 
1011418, 
1011476, 
1011521, 
1011573, 
1011631, 
1011701, 
1011779, 
1011867, 
1011946, 
1012026, 
1012106, 
1012177, 
1012243, 
1012314, 
1012386, 
1012466, 
1012546, 
1012625, 
1012699, 
1012779, 
1012871, 
1012966, 
1013025, 
1013100, 
1013167, 
1013265, 
1013357, 
1013441, 
1013520, 
1013603, 
1013676, 
1013764, 
1013849, 
1013941, 
1014023, 
1014107, 
1014215, 
1014315, 
1014392, 
1014486, 
1014566, 
1014653, 
1014753, 
1014843, 
1014948, 
1015050, 
1015149, 
1015233, 
1015325, 
1015433, 
1015525, 
1015611, 
1015709, 
1015831, 
1015938, 
1016045, 
1016151, 
1016262, 
1016350, 
1016462, 
1016581, 
1016687, 
1016807, 
1016905, 
1017009, 
1017090, 
1017180, 
1017291, 
1017381, 
1017485, 
1017602, 
1017761, 
1017870, 
1017982, 
1018089, 
1018183, 
1018285, 
1018383, 
1018465, 
1018572, 
1018690, 
1018822, 
1018946, 
1019055, 
1019178, 
1019271, 
1019365, 
1019466, 
1019587, 
1019710, 
1019815, 
1019918, 
1020047, 
1020171, 
1020291, 
1020416, 
1020551, 
1020663, 
1020761, 
1020858, 
1020954, 
1021046, 
1021161, 
1021270, 
1021371, 
1021485, 
1021626, 
1021774, 
1021924, 
1022072, 
1022213, 
1022340, 
1022479, 
1022592, 
1022714, 
1022821, 
1022943, 
1023032, 
1023122, 
1023237, 
1023347, 
1023464, 
1023602, 
1023735, 
1023838, 
1023945, 
1024054, 
1024155, 
1024272, 
1024405, 
1024506, 
1024621, 
1024713, 
1024845, 
1024961, 
1025087, 
1025210, 
1025316, 
1025428, 
1025543, 
1025658, 
1025772, 
1025885, 
1026007, 
1026101, 
1026215, 
1026340, 
1026476, 
1026624, 
1026778, 
1026920, 
1027083, 
1027237, 
1027394, 
1027546, 
1027688, 
1027844, 
1027996, 
1028131, 
1028265, 
1028405, 
1028538, 
1028656, 
1028810, 
1028953, 
1029078, 
1029190, 
1029320, 
1029453, 
1029589, 
1029709, 
1029826, 
1029970, 
1030096, 
1030220, 
1030342, 
1030439, 
1030537, 
1030662, 
1030788, 
1030918, 
1031055, 
1031175, 
1031317, 
1031478, 
1031615, 
1031729, 
1031849, 
1031986, 
1032106, 
1032231, 
1032351, 
1032464, 
1032577, 
1032698, 
1032850, 
1032987, 
1033124, 
1033270, 
1033401, 
1033559, 
1033687, 
1033820, 
1033959, 
1034076, 
1034190, 
1034302, 
1034398, 
1034502, 
1034589, 
1034681, 
1034787, 
1034913, 
1035022, 
1035136, 
1035269, 
1035394, 
1035527, 
1035625, 
1035721, 
1035814, 
1035938, 
1036054, 
1036181, 
1036315, 
1036467, 
1036600, 
1036720, 
1036840, 
1036945, 
1037044, 
1037173, 
1037305, 
1037447, 
1037556, 
1037648, 
1037755, 
1037853, 
1037962, 
1038066, 
1038146, 
1038235, 
1038337, 
1038424, 
1038504, 
1038594, 
1038664, 
1038775, 
1038895, 
1039029, 
1039158, 
1039294, 
1039410, 
1039542, 
1039681, 
1039815, 
1039949, 
1040087, 
1040238, 
1040372, 
1040476, 
1040595, 
1040693, 
1040798, 
1040904, 
1041000, 
1041106, 
1041197, 
1041288, 
1041381, 
1041485, 
1041589, 
1041700, 
1041805, 
1041920, 
1042027, 
1042142, 
1042256, 
1042390, 
1042516, 
1042642, 
1042790, 
1042942, 
1043105, 
1043273, 
1043430, 
1043564, 
1043688, 
1043799, 
1043914, 
1044026, 
1044133, 
1044239, 
1044363, 
1044506, 
1044629, 
1044733, 
1044823, 
1044932, 
1045040, 
1045130, 
1045227, 
1045317, 
1045428, 
1045521, 
1045624, 
1045725, 
1045818, 
1045954, 
1046064, 
1046172, 
1046283, 
1046394, 
1046484, 
1046587, 
1046691, 
1046808, 
1046920, 
1047017, 
1047134, 
1047236, 
1047342, 
1047460, 
1047577, 
1047714, 
1047838, 
1047961, 
1048090, 
1048212, 
1048299, 
1048407, 
1048490, 
1048583, 
1048687, 
1048771, 
1048866, 
1048968, 
1049079, 
1049190, 
1049300, 
1049449, 
1049573, 
1049704, 
1049847, 
1049993, 
1050144, 
1050255, 
1050391, 
1050528, 
1050668, 
1050795, 
1050927, 
1051064, 
1051198, 
1051319, 
1051442, 
1051564, 
1051694, 
1051825, 
1051964, 
1052111, 
1052232, 
1052359, 
1052465, 
1052581, 
1052711, 
1052825, 
1052966, 
1053108, 
1053234, 
1053363, 
1053479, 
1053603, 
1053724, 
1053834, 
1053947, 
1054056, 
1054187, 
1054321, 
1054427, 
1054524, 
1054651, 
1054785, 
1054877, 
1055000, 
1055120, 
1055244, 
1055370, 
1055479, 
1055610, 
1055724, 
1055833, 
1055953, 
1056061, 
1056202, 
1056339, 
1056457, 
1056594, 
1056724, 
1056871, 
1057023, 
1057187, 
1057338, 
1057489, 
1057641, 
1057793, 
1057950, 
1058094, 
1058254, 
1058409, 
1058554, 
1058703, 
1058838, 
1058966, 
1059086, 
1059213, 
1059343, 
1059475, 
1059606, 
1059747, 
1059861, 
1059959, 
1060056, 
1060182, 
1060286, 
1060408, 
1060531, 
1060668, 
1060806, 
1060939, 
1061079, 
1061201, 
1061300, 
1061395, 
1061480, 
1061595, 
1061708, 
1061827, 
1061936, 
1062043, 
1062137, 
1062241, 
1062322, 
1062444, 
1062566, 
1062687, 
1062790, 
1062905, 
1063014, 
1063111, 
1063205, 
1063314, 
1063404, 
1063510, 
1063611, 
1063705, 
1063796, 
1063883, 
1063987, 
1064098, 
1064189, 
1064331, 
1064461, 
1064586, 
1064707, 
1064817, 
1064926, 
1065059, 
1065178, 
1065289, 
1065377, 
1065481, 
1065575, 
1065675, 
1065783, 
1065878, 
1065989, 
1066097, 
1066216, 
1066320, 
1066437, 
1066557, 
1066688, 
1066803, 
1066900, 
1067029, 
1067152, 
1067285, 
1067402, 
1067503, 
1067613, 
1067731, 
1067858, 
1068001, 
1068122, 
1068243, 
1068377, 
1068503, 
1068629, 
1068746, 
1068864, 
1068973, 
1069098, 
1069214, 
1069324, 
1069424, 
1069551, 
1069684, 
1069804, 
1069918, 
1070024, 
1070155, 
1070281, 
1070414, 
1070521, 
1070636, 
1070754, 
1070873, 
1070982, 
1071097, 
1071210, 
1071345, 
1071476, 
1071604, 
1071755, 
1071882, 
1071998, 
1072105, 
1072195, 
1072298, 
1072383, 
1072461, 
1072536, 
1072636, 
1072738, 
1072829, 
1072939, 
1073050, 
1073163, 
1073282, 
1073412, 
1073549, 
1073673, 
1073795, 
1073916, 
1074038, 
1074185, 
1074306, 
1074442, 
1074568, 
1074689, 
1074795, 
1074912, 
1075037, 
1075139, 
1075238, 
1075326, 
1075423, 
1075524, 
1075621, 
1075730, 
1075826, 
1075920, 
1076007, 
1076100, 
1076212, 
1076308, 
1076408, 
1076508, 
1076627, 
1076735, 
1076859, 
1076990, 
1077100, 
1077192, 
1077288, 
1077405, 
1077512, 
1077620, 
1077745, 
1077855, 
1077978, 
1078097, 
1078221, 
1078343, 
1078458, 
1078551, 
1078653, 
1078763, 
1078881, 
1078970, 
1079066, 
1079178, 
1079263, 
1079357, 
1079444, 
1079522, 
1079617, 
1079717, 
1079801, 
1079915, 
1080021, 
1080130, 
1080240, 
1080348, 
1080421, 
1080518, 
1080603, 
1080692, 
1080796, 
1080901, 
1080997, 
1081090, 
1081178, 
1081272, 
1081365, 
1081451, 
1081549, 
1081642, 
1081707, 
1081788, 
1081857, 
1081923, 
1081999, 
1082084, 
1082185, 
1082279, 
1082373, 
1082487, 
1082580, 
1082694, 
1082788, 
1082887, 
1082985, 
1083101, 
1083204, 
1083320, 
1083406, 
1083509, 
1083627, 
1083713, 
1083793, 
1083864, 
1083930, 
1084021, 
1084102, 
1084174, 
1084270, 
1084358, 
1084428, 
1084500, 
1084570, 
1084651, 
1084717, 
1084783, 
1084876, 
1084974, 
1085062, 
1085137, 
1085219, 
1085322, 
1085405, 
1085469, 
1085547, 
1085648, 
1085740, 
1085833, 
1085913, 
1086007, 
1086098, 
1086170, 
1086234, 
1086322, 
1086408, 
1086511, 
1086574, 
1086655, 
1086703, 
1086788, 
1086837, 
1086919, 
1087001, 
1087073, 
1087157, 
1087253, 
1087345, 
1087432, 
1087512, 
1087604, 
1087695, 
1087770, 
1087845, 
1087933, 
1088027, 
1088091, 
1088193, 
1088282, 
1088366, 
1088435, 
1088507, 
1088572, 
1088645, 
1088709, 
1088780, 
1088856, 
1088940, 
1089044, 
1089143, 
1089244, 
1089347, 
1089441, 
1089550, 
1089647, 
1089727, 
1089818, 
1089899, 
