200, 
317, 
399, 
489, 
565, 
619, 
674, 
724, 
765, 
823, 
863, 
905, 
948, 
990, 
1029, 
1055, 
1083, 
1099, 
1117, 
1136, 
1153, 
1173, 
1194, 
1205, 
1216, 
1235, 
1245, 
1258, 
1269, 
1282, 
1296, 
1305, 
1316, 
1322, 
1328, 
1337, 
1338, 
1338, 
1338, 
1338, 
1338, 
1338, 
1338, 
1338, 
1338, 
1338, 
1338, 
1338, 
1338, 
1338, 
1338, 
1338, 
1338, 
1340, 
1340, 
1340, 
1340, 
1340, 
1340, 
1340, 
1340, 
1340, 
1340, 
1340, 
1340, 
1340, 
1340, 
1340, 
1340, 
1340, 
1340, 
1340, 
1340, 
1340, 
1340, 
1340, 
1340, 
1340, 
1340, 
1340, 
1341, 
1341, 
1342, 
1342, 
1343, 
1346, 
1346, 
1346, 
1347, 
1348, 
1348, 
1348, 
1349, 
1352, 
1352, 
1352, 
1352, 
1352, 
1352, 
1352, 
1352, 
1352, 
1352, 
1353, 
1354, 
1354, 
1354, 
1354, 
1354, 
1354, 
1354, 
1354, 
1354, 
1354, 
1354, 
1355, 
1357, 
1358, 
1358, 
1358, 
1358, 
1359, 
1360, 
1360, 
1360, 
1360, 
1360, 
1360, 
1360, 
1360, 
1360, 
1362, 
1364, 
1364, 
1364, 
1364, 
1364, 
1365, 
1367, 
1367, 
1368, 
1368, 
1368, 
1368, 
1368, 
1368, 
1368, 
1368, 
1368, 
1368, 
1368, 
1368, 
1368, 
1368, 
1368, 
1369, 
1370, 
1370, 
1370, 
1370, 
1370, 
1370, 
1373, 
1374, 
1376, 
1376, 
1376, 
1376, 
1378, 
1378, 
1378, 
1378, 
1378, 
1378, 
1380, 
1380, 
1380, 
1380, 
1380, 
1380, 
1380, 
1380, 
1380, 
1382, 
1382, 
1383, 
1383, 
1384, 
1384, 
1384, 
1384, 
1386, 
1386, 
1386, 
1386, 
1386, 
1386, 
1388, 
1389, 
1390, 
1390, 
1390, 
1390, 
1390, 
1391, 
1391, 
1392, 
1392, 
1392, 
1392, 
1393, 
1394, 
1394, 
1394, 
1394, 
1394, 
1394, 
1394, 
1394, 
1395, 
1396, 
1396, 
1397, 
1400, 
1400, 
1400, 
1402, 
1402, 
1404, 
1404, 
1404, 
1404, 
1404, 
1405, 
1407, 
1407, 
1408, 
1408, 
1408, 
1408, 
1408, 
1408, 
1408, 
1408, 
1408, 
1408, 
1408, 
1408, 
1408, 
1408, 
1408, 
1408, 
1408, 
1408, 
1408, 
1408, 
1408, 
1408, 
1409, 
1409, 
1409, 
1409, 
1412, 
1412, 
1412, 
1412, 
1414, 
1414, 
1414, 
1414, 
1414, 
1414, 
1416, 
1416, 
1419, 
1420, 
1420, 
1420, 
1420, 
1420, 
1420, 
1420, 
1421, 
1422, 
1423, 
1423, 
1424, 
1424, 
1424, 
1424, 
1426, 
1426, 
1426, 
1426, 
1426, 
1426, 
1426, 
1426, 
1426, 
1426, 
1426, 
1426, 
1426, 
1426, 
1426, 
1426, 
1426, 
1426, 
1426, 
1426, 
1426, 
1426, 
1426, 
1426, 
1426, 
1426, 
1426, 
1426, 
1426, 
1426, 
1426, 
1427, 
1428, 
1429, 
1430, 
1430, 
1430, 
1430, 
1430, 
1430, 
1430, 
1430, 
1430, 
1430, 
1430, 
1430, 
1430, 
1432, 
1432, 
1434, 
1434, 
1434, 
1434, 
1434, 
1434, 
1437, 
1439, 
1440, 
1440, 
1441, 
1441, 
1442, 
1442, 
1446, 
1446, 
1446, 
1446, 
1446, 
1446, 
1446, 
1446, 
1447, 
1448, 
1448, 
1448, 
1448, 
1448, 
1448, 
1448, 
1448, 
1448, 
1448, 
1448, 
1448, 
1450, 
1450, 
1450, 
1450, 
1452, 
1452, 
1452, 
1452, 
1454, 
1455, 
1456, 
1456, 
1456, 
1456, 
1456, 
1456, 
1456, 
1456, 
1456, 
1456, 
1456, 
1456, 
1459, 
1460, 
1460, 
1460, 
1460, 
1460, 
1461, 
1461, 
1462, 
1462, 
1462, 
1463, 
1463, 
1463, 
1464, 
1466, 
1466, 
1466, 
1468, 
1468, 
1468, 
1468, 
1468, 
1468, 
1468, 
1468, 
1468, 
1468, 
1468, 
1469, 
1470, 
1470, 
1470, 
1470, 
1470, 
1470, 
1470, 
1470, 
1470, 
1470, 
1470, 
1470, 
1470, 
1471, 
1473, 
1474, 
1474, 
1474, 
1474, 
1474, 
1474, 
1474, 
1474, 
1474, 
1474, 
1474, 
1474, 
1474, 
1474, 
1474, 
1474, 
1474, 
1474, 
1474, 
1474, 
1474, 
1474, 
1474, 
1477, 
1478, 
1478, 
1478, 
1478, 
1478, 
1478, 
1478, 
1478, 
1478, 
1478, 
1478, 
1478, 
1478, 
1478, 
1478, 
1478, 
1478, 
1478, 
1478, 
1479, 
1480, 
1480, 
1480, 
1480, 
1480, 
1480, 
1480, 
1480, 
1480, 
1480, 
1480, 
1480, 
1480, 
1480, 
1480, 
1480, 
1481, 
1482, 
1482, 
1483, 
1485, 
1486, 
1486, 
1486, 
1486, 
1488, 
1488, 
1489, 
1490, 
1490, 
1490, 
1490, 
1490, 
1493, 
1499, 
1499, 
1500, 
1500, 
1501, 
1502, 
1502, 
1502, 
1502, 
1504, 
1504, 
1504, 
1504, 
1504, 
1504, 
1504, 
1504, 
1504, 
1504, 
1504, 
1504, 
1504, 
1504, 
1504, 
1504, 
1504, 
1504, 
1504, 
1507, 
1508, 
1508, 
1508, 
1508, 
1508, 
1508, 
1511, 
1512, 
1512, 
1513, 
1513, 
1514, 
1514, 
1514, 
1514, 
1514, 
1514, 
1514, 
1514, 
1514, 
1514, 
1514, 
1514, 
1514, 
1514, 
1517, 
1519, 
1520, 
1520, 
1520, 
1520, 
1520, 
1520, 
1520, 
1520, 
1520, 
1520, 
1520, 
1520, 
1520, 
1520, 
1520, 
1520, 
1522, 
1522, 
1522, 
1522, 
1522, 
1522, 
1522, 
1522, 
1522, 
1523, 
1525, 
1527, 
1528, 
1529, 
1529, 
1533, 
1534, 
1534, 
1534, 
1534, 
1534, 
1534, 
1534, 
1534, 
1534, 
1534, 
1534, 
1534, 
1534, 
1534, 
1534, 
1534, 
1534, 
1534, 
1534, 
1534, 
1534, 
1534, 
1534, 
1534, 
1534, 
1534, 
1534, 
1534, 
1534, 
1534, 
1534, 
1534, 
1535, 
1535, 
1536, 
1537, 
1537, 
1538, 
1539, 
1540, 
1540, 
1540, 
1540, 
1540, 
1540, 
1540, 
1540, 
1540, 
1540, 
1540, 
1540, 
1540, 
1540, 
1540, 
1540, 
1540, 
1540, 
1540, 
1540, 
1542, 
1542, 
1542, 
1544, 
1544, 
1545, 
1545, 
1546, 
1546, 
1546, 
1548, 
1548, 
1548, 
1548, 
1548, 
1548, 
1548, 
1548, 
1548, 
1548, 
1548, 
1548, 
1548, 
1548, 
1548, 
1549, 
1549, 
1549, 
1550, 
1550, 
1550, 
1550, 
1550, 
1550, 
1550, 
1550, 
1550, 
1551, 
1552, 
1552, 
1553, 
1554, 
1554, 
1554, 
1555, 
1556, 
1556, 
1557, 
1558, 
1558, 
1558, 
1558, 
1558, 
1559, 
1560, 
1560, 
1560, 
1560, 
1560, 
1560, 
1560, 
1560, 
1560, 
1560, 
1560, 
1560, 
1560, 
1560, 
1560, 
1560, 
1560, 
1560, 
1560, 
1560, 
1560, 
1560, 
1560, 
1560, 
1561, 
1562, 
1562, 
1562, 
1562, 
1562, 
1562, 
1562, 
1562, 
1562, 
1563, 
1566, 
1566, 
1566, 
1566, 
1566, 
1566, 
1566, 
1566, 
1567, 
1568, 
1570, 
1570, 
1570, 
1570, 
1570, 
1570, 
1570, 
1570, 
1570, 
1570, 
1570, 
1570, 
1570, 
1570, 
1570, 
1570, 
1570, 
1570, 
1570, 
1570, 
1570, 
1570, 
1570, 
1571, 
1571, 
1572, 
1572, 
1572, 
1572, 
1573, 
1574, 
1574, 
1574, 
1576, 
1576, 
1576, 
1576, 
1576, 
1576, 
1577, 
1578, 
1580, 
1580, 
1580, 
1580, 
1580, 
1580, 
1580, 
1580, 
1580, 
1580, 
1580, 
1580, 
1580, 
1580, 
1580, 
1581, 
1582, 
1582, 
1583, 
1583, 
1583, 
1583, 
1583, 
1584, 
1584, 
1584, 
1584, 
1584, 
1585, 
1586, 
1586, 
1586, 
1586, 
1586, 
1586, 
1586, 
1586, 
1587, 
1588, 
1588, 
1588, 
1588, 
1588, 
1588, 
1588, 
1588, 
1588, 
1589, 
1591, 
1591, 
1594, 
1594, 
1594, 
1594, 
1594, 
1594, 
1594, 
1594, 
1594, 
1594, 
1594, 
1596, 
1596, 
1596, 
1596, 
1596, 
1596, 
1596, 
1596, 
1596, 
1596, 
1596, 
1596, 
1597, 
1598, 
1598, 
1598, 
1598, 
1598, 
1598, 
1598, 
1598, 
1598, 
1598, 
1598, 
1600, 
1600, 
1600, 
1600, 
1600, 
1600, 
1600, 
1600, 
1600, 
1600, 
1600, 
1600, 
1600, 
1600, 
1600, 
1600, 
1600, 
1600, 
1600, 
1600, 
1600, 
1600, 
1600, 
1600, 
1600, 
1600, 
1600, 
1600, 
1600, 
1600, 
1600, 
1600, 
1600, 
1600, 
1600, 
1600, 
1600, 
1600, 
1600, 
1600, 
1600, 
1600, 
1600, 
1600, 
1600, 
1600, 
1601, 
1602, 
1602, 
1602, 
1602, 
1602, 
1602, 
1602, 
1604, 
1604, 
1605, 
1606, 
1606, 
1606, 
1606, 
1609, 
1610, 
1610, 
1610, 
1610, 
1610, 
1610, 
1610, 
1610, 
1611, 
1612, 
1613, 
1614, 
1614, 
1614, 
1614, 
1614, 
1614, 
1614, 
1614, 
1614, 
1614, 
1614, 
1614, 
1614, 
1614, 
1614, 
1614, 
1614, 
1614, 
1614, 
1614, 
1614, 
1614, 
1614, 
1614, 
1614, 
1616, 
1616, 
1616, 
1616, 
1616, 
1616, 
1618, 
1618, 
1618, 
1618, 
1618, 
1618, 
1618, 
1618, 
1618, 
1618, 
1618, 
1618, 
1618, 
1618, 
1618, 
1618, 
1618, 
1619, 
1620, 
1622, 
1623, 
1623, 
1623, 
1624, 
1624, 
1624, 
1625, 
1627, 
1628, 
1628, 
1628, 
1628, 
1628, 
1628, 
1628, 
1628, 
1628, 
1628, 
1628, 
1628, 
1628, 
1628, 
1628, 
1628, 
1628, 
1628, 
1628, 
1628, 
1629, 
1630, 
1630, 
1631, 
1632, 
1633, 
1634, 
1634, 
1634, 
1634, 
1634, 
1634, 
1634, 
1634, 
1636, 
1636, 
1636, 
1639, 
1640, 
1640, 
1640, 
1643, 
1643, 
1644, 
1644, 
1644, 
1644, 
1644, 
1644, 
1644, 
1644, 
1644, 
1646, 
1646, 
1646, 
1646, 
1646, 
1646, 
1646, 
1646, 
1646, 
1646, 
1646, 
1646, 
1646, 
1646, 
1646, 
1646, 
1646, 
1646, 
1649, 
1650, 
1651, 
1651, 
1651, 
1654, 
1654, 
1654, 
1654, 
1655, 
1655, 
1656, 
1656, 
1656, 
1656, 
1656, 
1656, 
1656, 
1656, 
1656, 
1656, 
1656, 
1658, 
1658, 
1658, 
1658, 
1658, 
1660, 
1660, 
1660, 
1660, 
1660, 
1660, 
1660, 
1660, 
1664, 
1665, 
1666, 
1666, 
1668, 
1670, 
1670, 
1670, 
1670, 
1670, 
1670, 
1670, 
1670, 
1670, 
1670, 
1671, 
1676, 
1676, 
1676, 
1676, 
1676, 
1676, 
1676, 
1676, 
1676, 
1676, 
1676, 
1676, 
1676, 
1676, 
1676, 
1676, 
1676, 
1676, 
1676, 
1676, 
1677, 
1680, 
1680, 
1680, 
1680, 
1680, 
1682, 
1682, 
1682, 
1682, 
1682, 
1682, 
1682, 
1682, 
1683, 
1685, 
1686, 
1686, 
1686, 
1686, 
1686, 
1686, 
1686, 
1687, 
1688, 
1688, 
1688, 
1688, 
1690, 
1690, 
1690, 
1690, 
1690, 
1690, 
1690, 
1690, 
1690, 
1691, 
1691, 
1691, 
1692, 
1692, 
1692, 
1694, 
1694, 
1694, 
1694, 
1694, 
1694, 
1696, 
1696, 
1696, 
1696, 
1696, 
1696, 
1696, 
1698, 
1698, 
1698, 
1699, 
1699, 
1699, 
1700, 
1700, 
1700, 
1700, 
1700, 
1700, 
1700, 
1700, 
1700, 
1701, 
1702, 
1704, 
1704, 
1704, 
1704, 
1704, 
1704, 
1704, 
1705, 
1706, 
1706, 
1708, 
1710, 
1712, 
1712, 
1713, 
1713, 
1714, 
1714, 
1714, 
1714, 
1714, 
1714, 
1717, 
1718, 
1718, 
1718, 
1718, 
1718, 
1718, 
1718, 
1718, 
1718, 
1718, 
1720, 
1721, 
1723, 
1724, 
1724, 
1724, 
1724, 
1724, 
1724, 
1724, 
1724, 
1724, 
1724, 
1724, 
1724, 
1724, 
1725, 
1726, 
1726, 
1726, 
1727, 
1728, 
1728, 
1728, 
1728, 
1728, 
1728, 
1732, 
1732, 
1733, 
1734, 
1735, 
1736, 
1736, 
1736, 
1736, 
1736, 
1736, 
1736, 
1736, 
1736, 
1736, 
1736, 
1736, 
1736, 
1736, 
1736, 
1736, 
1736, 
1736, 
1736, 
1736, 
1736, 
1737, 
1739, 
1739, 
1739, 
1739, 
1739, 
1740, 
1742, 
1744, 
1744, 
1744, 
1744, 
1744, 
1744, 
1744, 
1744, 
1744, 
1746, 
1746, 
1746, 
1746, 
1746, 
1746, 
1746, 
1746, 
1746, 
1746, 
1748, 
1748, 
1748, 
1748, 
1748, 
1748, 
1748, 
1748, 
1748, 
1748, 
1748, 
1748, 
1748, 
1748, 
1748, 
1748, 
1748, 
1748, 
1748, 
1748, 
1748, 
1748, 
1748, 
1748, 
1748, 
1748, 
1748, 
1748, 
1748, 
1749, 
1750, 
1750, 
1750, 
1750, 
1750, 
1750, 
1751, 
1752, 
1752, 
1752, 
1752, 
1752, 
1752, 
1754, 
1756, 
1758, 
1758, 
1758, 
1758, 
1758, 
1759, 
1760, 
1760, 
1760, 
1760, 
1760, 
1762, 
1762, 
1762, 
1762, 
1762, 
1762, 
1762, 
1762, 
1763, 
1764, 
1764, 
1766, 
1766, 
1767, 
1768, 
1768, 
1768, 
1768, 
1768, 
1768, 
1768, 
1768, 
1768, 
1768, 
1768, 
1768, 
1768, 
1768, 
1768, 
1768, 
1768, 
1768, 
1770, 
1770, 
1770, 
1770, 
1772, 
1772, 
1772, 
1772, 
1772, 
1773, 
1773, 
1773, 
1776, 
1778, 
1778, 
1778, 
1778, 
1778, 
1778, 
1778, 
1778, 
1779, 
1779, 
1779, 
1779, 
1779, 
1780, 
1780, 
1780, 
1780, 
1780, 
1780, 
1780, 
1780, 
1780, 
1781, 
1782, 
1782, 
1782, 
1782, 
1782, 
1782, 
1782, 
1782, 
1782, 
1783, 
1785, 
1787, 
1788, 
1788, 
1789, 
1790, 
1790, 
1790, 
1790, 
1790, 
1791, 
1792, 
1792, 
1792, 
1792, 
1792, 
1792, 
1792, 
1794, 
1794, 
1794, 
1794, 
1794, 
1794, 
1794, 
1794, 
1794, 
1796, 
1796, 
1796, 
1796, 
1796, 
1796, 
1796, 
1796, 
1796, 
1796, 
1796, 
1796, 
1796, 
1796, 
1796, 
1796, 
1796, 
1796, 
1796, 
1796, 
1796, 
1797, 
1797, 
1797, 
1798, 
1799, 
1801, 
1801, 
1803, 
1804, 
1804, 
1804, 
1804, 
1804, 
1804, 
1804, 
1804, 
1804, 
1806, 
1806, 
1806, 
1806, 
1806, 
1806, 
1806, 
1806, 
1806, 
1806, 
1806, 
1806, 
1806, 
1806, 
1806, 
1806, 
1806, 
1806, 
1806, 
1806, 
1806, 
1806, 
1806, 
1806, 
1807, 
1809, 
1809, 
1810, 
1810, 
1810, 
1810, 
1810, 
1812, 
1812, 
1812, 
1812, 
1812, 
1812, 
1812, 
1812, 
1812, 
1812, 
1812, 
1812, 
1812, 
1812, 
1815, 
1818, 
1818, 
1818, 
1818, 
1818, 
1818, 
1818, 
1818, 
1818, 
1818, 
1818, 
1820, 
1820, 
1820, 
1820, 
1820, 
1820, 
1820, 
1820, 
1820, 
1822, 
1824, 
1824, 
1825, 
1826, 
1826, 
1826, 
1826, 
1826, 
1826, 
1826, 
1826, 
1826, 
1826, 
1826, 
1826, 
1826, 
1826, 
1826, 
1826, 
1826, 
1826, 
1826, 
1826, 
1828, 
1828, 
1828, 
1830, 
1830, 
1830, 
1830, 
1830, 
1830, 
1830, 
1831, 
1833, 
1834, 
1834, 
1834, 
1834, 
1834, 
1834, 
1834, 
1834, 
1834, 
1834, 
1834, 
1834, 
1835, 
1835, 
1835, 
1837, 
1839, 
1840, 
1840, 
1840, 
1840, 
1840, 
1840, 
1840, 
1841, 
1842, 
1842, 
1842, 
1842, 
1842, 
1842, 
1842, 
1842, 
1842, 
1842, 
1842, 
1842, 
1842, 
1844, 
1845, 
1849, 
1850, 
1850, 
1850, 
1850, 
1850, 
1850, 
1850, 
1850, 
1850, 
1851, 
1852, 
1852, 
1852, 
1852, 
1852, 
1853, 
1854, 
1855, 
1855, 
1855, 
1856, 
1856, 
1856, 
1856, 
1856, 
1856, 
1856, 
1856, 
1856, 
1856, 
1856, 
1856, 
1856, 
1856, 
1857, 
1858, 
1858, 
1858, 
1858, 
1859, 
1860, 
1862, 
1862, 
1862, 
1862, 
1864, 
1864, 
1864, 
1864, 
1864, 
1866, 
1866, 
1866, 
1866, 
1866, 
1866, 
1866, 
1866, 
1866, 
1866, 
1866, 
1868, 
1868, 
1868, 
1868, 
1868, 
1868, 
1868, 
1868, 
1868, 
1868, 
1868, 
1868, 
1868, 
1868, 
1868, 
1868, 
1869, 
1870, 
1870, 
1870, 
1870, 
1870, 
1872, 
1872, 
1872, 
1872, 
1872, 
1872, 
1872, 
1872, 
1872, 
1872, 
1872, 
1872, 
1872, 
1872, 
1874, 
1875, 
1876, 
1876, 
1876, 
1876, 
1876, 
1876, 
1876, 
1876, 
1876, 
1876, 
1876, 
1876, 
1876, 
1876, 
1876, 
1876, 
1876, 
1878, 
1878, 
1878, 
1878, 
1879, 
1880, 
1880, 
1880, 
1882, 
1882, 
1882, 
1882, 
1882, 
1882, 
1882, 
1882, 
1882, 
1882, 
1882, 
1882, 
1882, 
1882, 
1883, 
1884, 
1884, 
1884, 
1884, 
1885, 
1885, 
1886, 
1886, 
1888, 
1888, 
1888, 
1888, 
1888, 
1888, 
1890, 
1890, 
1890, 
1890, 
1890, 
1890, 
1890, 
1890, 
1891, 
1891, 
1892, 
1892, 
1892, 
1892, 
1892, 
1892, 
1892, 
1892, 
1892, 
1892, 
1892, 
1892, 
1892, 
1892, 
1892, 
1892, 
1892, 
1892, 
1892, 
1893, 
1894, 
1894, 
1894, 
1894, 
1894, 
1894, 
1894, 
1894, 
1894, 
1897, 
1898, 
1898, 
1898, 
1898, 
1899, 
1899, 
1902, 
1902, 
1903, 
1907, 
1908, 
1908, 
1908, 
1908, 
1908, 
1908, 
1910, 
1910, 
1910, 
1910, 
1910, 
1910, 
1910, 
1910, 
1911, 
1913, 
1914, 
1914, 
1915, 
1916, 
1916, 
1916, 
1917, 
1918, 
1920, 
1920, 
1920, 
1920, 
1921, 
1921, 
1923, 
1926, 
1926, 
1926, 
1926, 
1926, 
1927, 
1928, 
1928, 
1928, 
1928, 
1928, 
1928, 
1928, 
1928, 
1928, 
1928, 
1928, 
1928, 
1929, 
1929, 
1929, 
1931, 
1931, 
1932, 
1932, 
1932, 
1932, 
1932, 
1932, 
1932, 
1932, 
1932, 
1932, 
1932, 
1934, 
1935, 
1936, 
1937, 
1938, 
1938, 
1938, 
1938, 
1938, 
1938, 
1938, 
1938, 
1940, 
1940, 
1940, 
1940, 
1940, 
1940, 
1940, 
1940, 
1940, 
1940, 
1940, 
1940, 
1940, 
1940, 
1940, 
1940, 
1940, 
1940, 
1943, 
1944, 
1944, 
1944, 
1944, 
1944, 
1944, 
1944, 
1944, 
1945, 
1946, 
1946, 
1946, 
1946, 
1946, 
1946, 
1946, 
1946, 
1946, 
1946, 
1946, 
1946, 
1946, 
1946, 
1946, 
1946, 
1947, 
1948, 
1948, 
1948, 
1948, 
1948, 
1948, 
1948, 
1948, 
1948, 
1948, 
1948, 
1948, 
1948, 
1948, 
1948, 
1948, 
1948, 
1948, 
1948, 
1948, 
1948, 
1949, 
1950, 
1950, 
1952, 
1952, 
1952, 
1952, 
1952, 
1952, 
1952, 
1952, 
1952, 
1952, 
1952, 
1952, 
1952, 
1952, 
1952, 
1952, 
1952, 
1952, 
1952, 
1954, 
1954, 
1954, 
1954, 
1954, 
1954, 
1954, 
1954, 
1954, 
1954, 
1954, 
1954, 
1954, 
1954, 
1955, 
1955, 
1958, 
1958, 
1958, 
1958, 
1958, 
1958, 
1958, 
1958, 
1958, 
1958, 
1958, 
1958, 
1958, 
1958, 
1958, 
1958, 
1958, 
1958, 
1961, 
1961, 
1963, 
1963, 
1963, 
1964, 
1964, 
1964, 
1965, 
1967, 
1967, 
1968, 
1969, 
1970, 
1970, 
1970, 
1970, 
1970, 
1970, 
1970, 
1973, 
1974, 
1974, 
1974, 
1976, 
1976, 
1976, 
1976, 
1976, 
1977, 
1978, 
1978, 
1978, 
1978, 
1978, 
1978, 
1978, 
1978, 
1978, 
1978, 
1979, 
1980, 
1980, 
1980, 
1980, 
1980, 
1982, 
1982, 
1982, 
1982, 
1982, 
1982, 
1982, 
1982, 
1982, 
1982, 
1982, 
1982, 
1982, 
1982, 
1982, 
1982, 
1982, 
1982, 
1982, 
1982, 
1982, 
1982, 
1982, 
1983, 
1984, 
1986, 
1986, 
1986, 
1986, 
1986, 
1986, 
1986, 
1986, 
1986, 
1986, 
1986, 
1986, 
1986, 
1986, 
1987, 
1988, 
1988, 
1988, 
1988, 
1988, 
1988, 
1988, 
1988, 
1988, 
1988, 
1988, 
1988, 
1988, 
1988, 
1988, 
1988, 
1988, 
1988, 
1988, 
1988, 
1989, 
1991, 
1992, 
1994, 
1994, 
1994, 
1994, 
1994, 
1995, 
1996, 
1996, 
1996, 
1996, 
1996, 
1996, 
1997, 
1998, 
1998, 
2000, 
2000, 
2001, 
2002, 
2002, 
2002, 
2002, 
2003, 
2003, 
2005, 
2005, 
2006, 
2006, 
2006, 
2006, 
2006, 
2006, 
2006, 
2006, 
2006, 
2006, 
2006, 
2006, 
2006, 
2006, 
2006, 
2006, 
2006, 
2006, 
2006, 
2006, 
2006, 
2006, 
2006, 
2007, 
2008, 
2008, 
2008, 
2008, 
2008, 
2010, 
2011, 
2012, 
2012, 
2012, 
2012, 
2012, 
2012, 
2012, 
2012, 
2012, 
2012, 
2012, 
2014, 
2014, 
2014, 
2014, 
2014, 
2014, 
2014, 
2014, 
2017, 
2018, 
2018, 
2018, 
2018, 
2018, 
2018, 
2018, 
2018, 
2018, 
2018, 
2020, 
2020, 
2020, 
2020, 
2020, 
2020, 
2020, 
2021, 
2021, 
2022, 
2022, 
2022, 
2022, 
2022, 
2022, 
2022, 
2022, 
2022, 
2022, 
2022, 
2022, 
2022, 
2022, 
2022, 
2022, 
2022, 
2022, 
2022, 
2022, 
2022, 
2022, 
2022, 
2022, 
2022, 
2024, 
2024, 
2024, 
2024, 
2024, 
2024, 
2024, 
2024, 
2024, 
2024, 
2024, 
2024, 
2024, 
2024, 
2024, 
2024, 
2027, 
2028, 
2030, 
2030, 
2030, 
2032, 
2032, 
2032, 
2032, 
2032, 
2032, 
2032, 
2032, 
2032, 
2032, 
2032, 
2032, 
2032, 
2033, 
2034, 
2034, 
2034, 
2034, 
2034, 
2034, 
2034, 
2034, 
2034, 
2035, 
2036, 
2036, 
2036, 
2036, 
2036, 
2036, 
2036, 
2036, 
2036, 
2036, 
2038, 
2038, 
2038, 
2038, 
2038, 
2038, 
2038, 
2038, 
2038, 
2038, 
2038, 
2038, 
2038, 
2038, 
2038, 
2038, 
2038, 
2038, 
2040, 
2040, 
2040, 
2040, 
2042, 
2042, 
2042, 
2042, 
2044, 
2044, 
2044, 
2044, 
2044, 
2044, 
2046, 
2047, 
2048, 
2050, 
2050, 
2050, 
2050, 
2050, 
2050, 
2050, 
2050, 
2050, 
2050, 
2050, 
2050, 
2050, 
2050, 
2050, 
2050, 
2050, 
2050, 
2050, 
2050, 
2050, 
2050, 
2050, 
2050, 
2050, 
2050, 
2050, 
2050, 
2050, 
2050, 
2050, 
2052, 
2053, 
2054, 
2054, 
2055, 
2056, 
2056, 
2056, 
2056, 
2056, 
2056, 
2056, 
2056, 
2056, 
2056, 
2056, 
2056, 
2056, 
2056, 
2057, 
2057, 
2058, 
2058, 
2058, 
2058, 
2058, 
2058, 
2058, 
2058, 
2058, 
2059, 
2060, 
2060, 
2060, 
2060, 
2060, 
2060, 
2060, 
2060, 
2060, 
2060, 
2060, 
2060, 
2060, 
2060, 
2061, 
2061, 
2063, 
2064, 
2064, 
2066, 
2066, 
2066, 
2068, 
2068, 
2070, 
2071, 
2072, 
2072, 
2072, 
2072, 
2072, 
2072, 
2072, 
2072, 
2072, 
2072, 
2072, 
2072, 
2072, 
2072, 
2073, 
2074, 
2074, 
2074, 
2074, 
2074, 
2075, 
2075, 
2076, 
2076, 
2076, 
2076, 
2076, 
2076, 
2076, 
2076, 
2076, 
2076, 
2076, 
2077, 
2078, 
2078, 
2078, 
2078, 
2078, 
2078, 
2078, 
2080, 
2080, 
2080, 
2080, 
2080, 
2080, 
2080, 
2080, 
2080, 
2081, 
2082, 
2082, 
2082, 
2082, 
2082, 
2082, 
2082, 
2082, 
2083, 
2085, 
2085, 
2088, 
2088, 
2088, 
2088, 
2088, 
2088, 
2088, 
2088, 
2088, 
2088, 
2089, 
2091, 
2092, 
2092, 
2092, 
2092, 
2092, 
2092, 
2092, 
2092, 
2092, 
2092, 
2092, 
2092, 
2092, 
2092, 
2092, 
2092, 
2092, 
2092, 
2092, 
2092, 
2092, 
2093, 
2094, 
2094, 
2094, 
2094, 
2094, 
2094, 
2094, 
2094, 
2095, 
2096, 
2096, 
2096, 
2096, 
2096, 
2096, 
2096, 
2096, 
2096, 
2099, 
2100, 
2100, 
2100, 
2100, 
2100, 
2100, 
2100, 
2100, 
2103, 
2104, 
2105, 
2107, 
2107, 
2109, 
2110, 
2110, 
2110, 
2110, 
2110, 
2110, 
2110, 
2110, 
2110, 
2110, 
2110, 
2110, 
2110, 
2110, 
2110, 
2110, 
2110, 
2111, 
2111, 
2112, 
2112, 
2112, 
2112, 
2112, 
2112, 
2112, 
2112, 
2112, 
2112, 
2112, 
2112, 
2112, 
2112, 
2112, 
2114, 
2114, 
2114, 
2116, 
2116, 
2116, 
2116, 
2116, 
2116, 
2116, 
2116, 
2116, 
2116, 
2116, 
2116, 
2116, 
2116, 
2116, 
2117, 
2118, 
2118, 
2118, 
2118, 
2118, 
2118, 
2118, 
2118, 
2118, 
2118, 
2118, 
2118, 
2118, 
2118, 
2118, 
2118, 
2118, 
2118, 
2118, 
2118, 
2118, 
2118, 
2118, 
2118, 
2118, 
2120, 
2124, 
2124, 
2124, 
2125, 
2126, 
2126, 
2126, 
2127, 
2128, 
2128, 
2128, 
2128, 
2128, 
2128, 
2132, 
2132, 
2132, 
2132, 
2132, 
2132, 
2132, 
2132, 
2132, 
2132, 
2132, 
2132, 
2132, 
2132, 
2132, 
2132, 
2132, 
2132, 
2132, 
2132, 
2132, 
2132, 
2132, 
2132, 
2132, 
2133, 
2134, 
2136, 
2136, 
2136, 
2136, 
2136, 
2138, 
2138, 
2138, 
2138, 
2139, 
2140, 
2140, 
2140, 
2140, 
2140, 
2140, 
2141, 
2141, 
2142, 
2142, 
2142, 
2142, 
2144, 
2144, 
2145, 
2146, 
2146, 
2146, 
2146, 
2146, 
2146, 
2148, 
2148, 
2148, 
2148, 
2148, 
2149, 
2150, 
2150, 
2150, 
2150, 
2150, 
2150, 
2150, 
2150, 
2150, 
2150, 
2150, 
2150, 
2150, 
2150, 
2150, 
2150, 
2150, 
2150, 
2150, 
2150, 
2150, 
2150, 
2150, 
2150, 
2150, 
2150, 
2152, 
2152, 
2152, 
2152, 
2152, 
2152, 
2152, 
2154, 
2154, 
2154, 
2158, 
2158, 
2158, 
2158, 
2158, 
2158, 
2158, 
2158, 
2158, 
2158, 
2160, 
2160, 
2160, 
2160, 
2162, 
2162, 
2162, 
2162, 
2162, 
2164, 
2164, 
2164, 
2164, 
2164, 
2165, 
2166, 
2166, 
2166, 
2166, 
2166, 
2166, 
2166, 
2166, 
2166, 
2166, 
2166, 
2167, 
2168, 
2171, 
2171, 
2172, 
2172, 
2172, 
2172, 
2172, 
2172, 
2172, 
2172, 
2172, 
2172, 
2172, 
2173, 
2174, 
2174, 
2174, 
2174, 
2174, 
2174, 
2175, 
2175, 
2177, 
2178, 
2178, 
2178, 
2179, 
2180, 
2180, 
2180, 
2180, 
2180, 
2180, 
2180, 
2180, 
2180, 
2180, 
2180, 
2180, 
2180, 
2180, 
2181, 
2182, 
2182, 
2182, 
2182, 
2182, 
2182, 
2182, 
2182, 
2183, 
2184, 
2184, 
2184, 
2184, 
2184, 
2184, 
2184, 
2184, 
2184, 
2184, 
2184, 
2184, 
2186, 
2188, 
2188, 
2188, 
2188, 
2188, 
2188, 
2188, 
2188, 
2188, 
2188, 
2188, 
2188, 
2188, 
2188, 
2188, 
2188, 
2189, 
2190, 
2191, 
2192, 
2192, 
2192, 
2192, 
2192, 
2192, 
2192, 
2193, 
2194, 
2194, 
2194, 
2194, 
2194, 
2194, 
2196, 
2196, 
2196, 
2196, 
2196, 
2196, 
2196, 
2196, 
2196, 
2196, 
2196, 
2196, 
2196, 
2196, 
2196, 
2196, 
2196, 
2197, 
2198, 
2198, 
2198, 
2198, 
2198, 
2198, 
2198, 
2198, 
2198, 
2198, 
2198, 
2200, 
2200, 
2200, 
2200, 
2200, 
2200, 
2200, 
2200, 
2200, 
2200, 
2200, 
2200, 
2200, 
2200, 
2200, 
2200, 
2200, 
2201, 
2201, 
2202, 
2202, 
2203, 
2204, 
2206, 
2206, 
2206, 
2206, 
2206, 
2206, 
2206, 
2206, 
2206, 
2206, 
2206, 
2206, 
2206, 
2207, 
2208, 
2208, 
2208, 
2208, 
2210, 
2210, 
2210, 
2210, 
2210, 
2212, 
2212, 
2212, 
2212, 
2212, 
2213, 
2213, 
2213, 
2213, 
2213, 
2214, 
2214, 
2214, 
2214, 
2214, 
2214, 
2214, 
2214, 
2215, 
2215, 
2216, 
2216, 
2218, 
2222, 
2222, 
2222, 
2222, 
2224, 
2224, 
2224, 
2224, 
2224, 
2224, 
2224, 
2224, 
2224, 
2224, 
2224, 
2224, 
2224, 
2224, 
2224, 
2224, 
2225, 
2226, 
2226, 
2226, 
2226, 
2226, 
2226, 
2226, 
2226, 
2226, 
2226, 
2227, 
2229, 
2229, 
2230, 
2230, 
2230, 
2230, 
2230, 
2230, 
2230, 
2230, 
2230, 
2230, 
2230, 
2230, 
2230, 
2230, 
2231, 
2232, 
2232, 
2232, 
2232, 
2232, 
2232, 
2232, 
2232, 
2232, 
2232, 
2234, 
2234, 
2234, 
2234, 
2234, 
2234, 
2234, 
2234, 
2234, 
2234, 
2234, 
2234, 
2234, 
2234, 
2234, 
2234, 
2234, 
2234, 
2234, 
2234, 
2234, 
2234, 
2234, 
2234, 
2234, 
2234, 
2234, 
2234, 
2234, 
2234, 
2234, 
2234, 
2234, 
2234, 
2234, 
2234, 
2234, 
2234, 
2234, 
2234, 
2234, 
2234, 
2234, 
2234, 
2234, 
2234, 
2234, 
2234, 
2235, 
2235, 
2236, 
2236, 
2237, 
2238, 
2240, 
2240, 
2240, 
2240, 
2240, 
2240, 
2240, 
2240, 
2240, 
2240, 
2240, 
2240, 
2240, 
2240, 
2240, 
2241, 
2245, 
2246, 
2246, 
2246, 
2246, 
2246, 
2246, 
2246, 
2246, 
2246, 
2246, 
2246, 
2246, 
2246, 
2246, 
2246, 
2246, 
2246, 
2247, 
2248, 
2248, 
2248, 
2248, 
2248, 
2249, 
2249, 
2250, 
2251, 
2251, 
2251, 
2251, 
2251, 
2254, 
2254, 
2254, 
2254, 
2254, 
2254, 
2255, 
2255, 
2256, 
2256, 
2256, 
2256, 
2256, 
2256, 
2256, 
2256, 
2256, 
2256, 
2256, 
2256, 
2256, 
2256, 
2258, 
2258, 
2258, 
2258, 
2258, 
2258, 
2258, 
2258, 
2258, 
2258, 
2258, 
2258, 
2258, 
2258, 
2258, 
2258, 
2258, 
2258, 
2258, 
2258, 
2258, 
2258, 
2258, 
2258, 
2258, 
2258, 
2258, 
2259, 
2259, 
2261, 
2261, 
2264, 
2264, 
2264, 
2266, 
2266, 
2266, 
2266, 
2266, 
2266, 
2266, 
2266, 
2266, 
2267, 
2267, 
2268, 
2268, 
2268, 
2270, 
2270, 
2270, 
2270, 
2270, 
2270, 
2270, 
2270, 
2270, 
2270, 
2270, 
2270, 
2271, 
2274, 
2274, 
2274, 
2274, 
2276, 
2276, 
2276, 
2276, 
2276, 
2277, 
2278, 
2278, 
2278, 
2278, 
2278, 
2278, 
2278, 
2278, 
2278, 
2278, 
2278, 
2278, 
2278, 
2278, 
2278, 
2278, 
2278, 
2278, 
2278, 
2281, 
2281, 
2281, 
2281, 
2283, 
2283, 
2283, 
2283, 
2283, 
2283, 
2285, 
2286, 
2286, 
2288, 
2288, 
2288, 
2288, 
2288, 
2290, 
2290, 
2290, 
2291, 
2291, 
2291, 
2291, 
2292, 
2292, 
2292, 
2292, 
2292, 
2294, 
2294, 
2294, 
2294, 
2294, 
2294, 
2294, 
2294, 
2295, 
2295, 
2296, 
2296, 
2296, 
2296, 
2296, 
2296, 
2296, 
2296, 
2296, 
2296, 
2296, 
2296, 
2296, 
2296, 
2296, 
2296, 
2296, 
2296, 
2296, 
2296, 
2296, 
2296, 
2296, 
2298, 
2300, 
2300, 
2300, 
2300, 
2300, 
2300, 
2300, 
2300, 
2300, 
2300, 
2300, 
2300, 
2300, 
2300, 
2300, 
2300, 
2300, 
2300, 
2300, 
2300, 
2300, 
2301, 
2301, 
2302, 
2302, 
2304, 
2306, 
2306, 
2306, 
2306, 
2306, 
2306, 
2306, 
2306, 
2306, 
2306, 
2306, 
2306, 
2306, 
2306, 
2306, 
2306, 
2306, 
2306, 
2308, 
2308, 
2308, 
2308, 
2308, 
2308, 
2308, 
2308, 
2308, 
2308, 
2308, 
2308, 
2308, 
2308, 
2310, 
2311, 
2311, 
2311, 
2311, 
2311, 
2312, 
2312, 
2312, 
2312, 
2312, 
2312, 
2312, 
2312, 
2312, 
2312, 
2312, 
2312, 
2312, 
2312, 
2312, 
2312, 
2312, 
2312, 
2312, 
2312, 
2312, 
2312, 
2314, 
2314, 
2314, 
2314, 
2316, 
2317, 
2318, 
2318, 
2318, 
2318, 
2319, 
2320, 
2320, 
2320, 
2322, 
2322, 
2322, 
2322, 
2322, 
2322, 
2322, 
2322, 
2322, 
2325, 
2329, 
2330, 
2330, 
2330, 
2330, 
2330, 
2330, 
2331, 
2331, 
2331, 
2332, 
2332, 
2332, 
2332, 
2333, 
2333, 
2334, 
2334, 
2335, 
2337, 
2338, 
2338, 
2338, 
2339, 
2340, 
2340, 
2340, 
2340, 
2342, 
2342, 
2342, 
2342, 
2342, 
2342, 
2342, 
2342, 
2344, 
2344, 
2344, 
2344, 
2344, 
2344, 
2344, 
2344, 
2344, 
2344, 
2344, 
2344, 
2344, 
2344, 
2344, 
2344, 
2346, 
2346, 
2347, 
2347, 
2348, 
2348, 
2348, 
2348, 
2348, 
2349, 
2351, 
2353, 
2354, 
2354, 
2354, 
2354, 
2354, 
2356, 
2357, 
2358, 
2358, 
2358, 
2358, 
2358, 
2359, 
2360, 
2360, 
2360, 
2360, 
2360, 
2361, 
2362, 
2362, 
2362, 
2362, 
2363, 
2364, 
2364, 
2364, 
2364, 
2364, 
2364, 
2364, 
2364, 
2364, 
2364, 
2364, 
2364, 
2364, 
2364, 
2364, 
2364, 
2364, 
2364, 
2364, 
2364, 
2364, 
2364, 
2366, 
2366, 
2366, 
2366, 
2366, 
2366, 
2366, 
2366, 
2366, 
2366, 
2366, 
2366, 
2366, 
2366, 
2366, 
2366, 
2366, 
2366, 
2366, 
2366, 
2368, 
2369, 
2369, 
2369, 
2369, 
2369, 
2370, 
2370, 
2370, 
2370, 
2370, 
2370, 
2370, 
2371, 
2371, 
2373, 
2373, 
2373, 
2373, 
2374, 
2374, 
2374, 
2374, 
2374, 
2374, 
2374, 
2374, 
2374, 
2374, 
2374, 
2374, 
2374, 
2374, 
2374, 
2374, 
2375, 
2376, 
2377, 
2378, 
2378, 
2378, 
2378, 
2378, 
2378, 
2378, 
2380, 
2380, 
2380, 
2380, 
2380, 
2380, 
2382, 
2382, 
2382, 
2382, 
2382, 
2382, 
2382, 
2382, 
2382, 
2382, 
2384, 
2384, 
2384, 
2384, 
2384, 
2384, 
2384, 
2384, 
2384, 
2384, 
2384, 
2385, 
2386, 
2386, 
2387, 
2388, 
2388, 
2388, 
2388, 
2390, 
2391, 
2392, 
2392, 
2392, 
2392, 
2393, 
2394, 
2394, 
2394, 
2394, 
2394, 
2394, 
2394, 
2394, 
2394, 
2394, 
2396, 
2396, 
2397, 
2398, 
2398, 
2399, 
2400, 
2402, 
2403, 
2403, 
2404, 
2405, 
2408, 
2408, 
2408, 
2408, 
2411, 
2412, 
2413, 
2414, 
2414, 
2414, 
2414, 
2416, 
2416, 
2416, 
2416, 
2416, 
2416, 
2416, 
2416, 
2416, 
2416, 
2416, 
2416, 
2417, 
2417, 
2418, 
2418, 
2418, 
2418, 
2418, 
2418, 
2419, 
2420, 
2420, 
2420, 
2420, 
2420, 
2420, 
2420, 
2420, 
2420, 
2420, 
2422, 
2422, 
2422, 
2422, 
2422, 
2424, 
2424, 
2424, 
2424, 
2426, 
2428, 
2428, 
2429, 
2430, 
2432, 
2432, 
2432, 
2432, 
2432, 
2432, 
2432, 
2432, 
2432, 
2432, 
2432, 
2432, 
2432, 
2432, 
2432, 
2432, 
2432, 
2432, 
2432, 
2432, 
2433, 
2433, 
2434, 
2434, 
2434, 
2434, 
2434, 
2434, 
2436, 
2436, 
2436, 
2436, 
2436, 
2436, 
2437, 
2437, 
2439, 
2440, 
2441, 
2442, 
2442, 
2442, 
2443, 
2444, 
2444, 
2444, 
2446, 
2448, 
2450, 
2450, 
2451, 
2451, 
2452, 
2453, 
2454, 
2455, 
2455, 
2456, 
2456, 
2456, 
2456, 
2456, 
2456, 
2456, 
2456, 
2456, 
2456, 
2456, 
2456, 
2456, 
2456, 
2456, 
2457, 
2457, 
2458, 
2458, 
2458, 
2458, 
2458, 
2458, 
2459, 
2459, 
2459, 
2459, 
2459, 
2459, 
2460, 
2460, 
2460, 
2460, 
2460, 
2461, 
2461, 
2462, 
2462, 
2462, 
2462, 
2462, 
2462, 
2462, 
2462, 
2462, 
2462, 
2462, 
2462, 
2462, 
2462, 
2464, 
2465, 
2466, 
2466, 
2466, 
2466, 
2466, 
2466, 
2466, 
2467, 
2468, 
2468, 
2469, 
2470, 
2470, 
2470, 
2470, 
2470, 
2470, 
2470, 
2472, 
2472, 
2472, 
2472, 
2472, 
2472, 
2474, 
2474, 
2475, 
2476, 
2476, 
2476, 
2476, 
2476, 
2476, 
2476, 
2478, 
2479, 
2479, 
2480, 
2482, 
2482, 
2482, 
2482, 
2482, 
2482, 
2482, 
2483, 
2484, 
2484, 
2484, 
2484, 
2484, 
2484, 
2484, 
2484, 
2484, 
2484, 
2484, 
2484, 
2484, 
2485, 
2486, 
2486, 
2486, 
2489, 
2489, 
2489, 
2490, 
2490, 
2491, 
2492, 
2492, 
2492, 
2492, 
2492, 
2492, 
2492, 
2492, 
2492, 
2492, 
2492, 
2492, 
2492, 
2492, 
2492, 
2492, 
2494, 
2494, 
2494, 
2494, 
2494, 
2494, 
2494, 
2494, 
2495, 
2495, 
2495, 
2496, 
2496, 
2496, 
2496, 
2496, 
2496, 
2496, 
2496, 
2496, 
2496, 
2496, 
2496, 
2497, 
2498, 
2498, 
2499, 
2499, 
2499, 
2499, 
2500, 
2501, 
2501, 
2501, 
2503, 
2504, 
2506, 
2506, 
2506, 
2506, 
2506, 
2506, 
2506, 
2506, 
2506, 
2506, 
2508, 
2508, 
2509, 
2510, 
2510, 
2510, 
2510, 
2510, 
2510, 
2512, 
2512, 
2512, 
2514, 
2514, 
2514, 
2514, 
2514, 
2514, 
2514, 
2514, 
2514, 
2514, 
2514, 
2514, 
2514, 
2514, 
2514, 
2514, 
2515, 
2516, 
2516, 
2516, 
2516, 
2516, 
2516, 
2516, 
2516, 
2516, 
2516, 
2517, 
2518, 
2519, 
2520, 
2520, 
2520, 
2520, 
2520, 
2520, 
2520, 
2520, 
2520, 
2520, 
2520, 
2520, 
2520, 
2520, 
2520, 
2520, 
2520, 
2520, 
2520, 
2520, 
2520, 
2521, 
2522, 
2522, 
2522, 
2522, 
2522, 
2522, 
2522, 
2522, 
2522, 
2522, 
2522, 
2522, 
2522, 
2522, 
2522, 
2522, 
2522, 
2522, 
2522, 
2522, 
2522, 
2522, 
2522, 
2522, 
2522, 
2523, 
2524, 
2527, 
2529, 
2530, 
2530, 
2530, 
2530, 
2530, 
2530, 
2530, 
2530, 
2530, 
2530, 
2530, 
2530, 
2530, 
2530, 
2530, 
2530, 
2530, 
2530, 
2533, 
2535, 
2536, 
2537, 
2539, 
2540, 
2542, 
2542, 
2542, 
2542, 
2542, 
2542, 
2542, 
2542, 
2542, 
2542, 
2542, 
2542, 
2542, 
2542, 
2542, 
2542, 
2542, 
2542, 
2542, 
2542, 
2543, 
2544, 
2544, 
2544, 
2544, 
2544, 
2545, 
2546, 
2546, 
2546, 
2546, 
2546, 
2546, 
2546, 
2546, 
2546, 
2546, 
2546, 
2548, 
2548, 
2548, 
2548, 
2548, 
2548, 
2548, 
2548, 
2548, 
2548, 
2549, 
2549, 
2550, 
2550, 
2550, 
2550, 
2550, 
2550, 
2550, 
2551, 
2552, 
2552, 
2553, 
2554, 
2554, 
2554, 
2554, 
2556, 
2556, 
2558, 
2558, 
2558, 
2558, 
2558, 
2559, 
2560, 
2560, 
2560, 
2560, 
2560, 
2562, 
2562, 
2562, 
2562, 
2562, 
2562, 
2562, 
2562, 
2562, 
2562, 
2562, 
2562, 
2562, 
2563, 
2563, 
2564, 
2564, 
2564, 
2564, 
2564, 
2564, 
2564, 
2564, 
2564, 
2564, 
2564, 
2564, 
2564, 
2564, 
2564, 
2564, 
2564, 
2564, 
2564, 
2564, 
2564, 
2564, 
2564, 
2564, 
2564, 
2564, 
2564, 
2564, 
2564, 
2566, 
2566, 
2566, 
2566, 
2566, 
2566, 
2566, 
2566, 
2566, 
2566, 
2566, 
2566, 
2566, 
2567, 
2567, 
2567, 
2568, 
2570, 
2572, 
2572, 
2572, 
2572, 
2572, 
2572, 
2572, 
2572, 
2572, 
2572, 
2572, 
2572, 
2572, 
2572, 
2572, 
2572, 
2572, 
2572, 
2572, 
2572, 
2572, 
2572, 
2572, 
2572, 
2572, 
2572, 
2572, 
2572, 
2572, 
2572, 
2572, 
2573, 
2574, 
2574, 
2574, 
2574, 
2574, 
2574, 
2574, 
2574, 
2574, 
2574, 
2574, 
2574, 
2574, 
2574, 
2574, 
2574, 
2574, 
2574, 
2574, 
2574, 
2574, 
2574, 
2575, 
2578, 
2578, 
2578, 
2578, 
2578, 
2578, 
2578, 
2578, 
2579, 
2579, 
2580, 
2580, 
2580, 
2580, 
2580, 
2580, 
2580, 
2580, 
2580, 
2580, 
2580, 
2580, 
2580, 
2580, 
2580, 
2580, 
2580, 
2580, 
2580, 
2580, 
2580, 
2580, 
2580, 
2580, 
2580, 
2580, 
2580, 
2580, 
2580, 
2580, 
2580, 
2580, 
2580, 
2580, 
2580, 
2580, 
2582, 
2582, 
2584, 
2584, 
2584, 
2584, 
2584, 
2584, 
2584, 
2584, 
2584, 
2585, 
2587, 
2588, 
2588, 
2588, 
2588, 
2588, 
2588, 
2588, 
2588, 
2588, 
2590, 
2593, 
2594, 
2597, 
2598, 
2598, 
2598, 
2598, 
2598, 
2600, 
2600, 
2600, 
2600, 
2600, 
2600, 
2601, 
2602, 
2602, 
2602, 
2602, 
2602, 
2602, 
2602, 
2602, 
2602, 
2602, 
2602, 
2602, 
2603, 
2603, 
2604, 
2605, 
2606, 
2606, 
2606, 
2606, 
2606, 
2606, 
2608, 
2608, 
2608, 
2608, 
2608, 
2608, 
2608, 
2608, 
2608, 
2608, 
2608, 
2608, 
2608, 
2610, 
2611, 
2612, 
2612, 
2612, 
2612, 
2612, 
2612, 
2612, 
2612, 
2612, 
2612, 
2612, 
2612, 
2612, 
2612, 
2612, 
2612, 
2612, 
2612, 
2612, 
2612, 
2612, 
2612, 
2612, 
2612, 
2612, 
2614, 
2614, 
2615, 
2618, 
2619, 
2620, 
2620, 
2620, 
2620, 
2620, 
2623, 
2624, 
2624, 
2624, 
2624, 
2624, 
2624, 
2624, 
2624, 
2624, 
2624, 
2624, 
2624, 
2624, 
2624, 
2626, 
2626, 
2626, 
2626, 
2626, 
2626, 
2626, 
2626, 
2626, 
2626, 
2626, 
2626, 
2626, 
2626, 
2627, 
2632, 
2638, 
2640, 
2640, 
2640, 
2640, 
2640, 
2640, 
2642, 
2644, 
2645, 
2646, 
2650, 
2651, 
2652, 
2652, 
2652, 
2652, 
2652, 
2652, 
2652, 
2652, 
2652, 
2652, 
2652, 
2652, 
2652, 
2654, 
2654, 
2654, 
2654, 
2654, 
2654, 
2654, 
2654, 
2656, 
2656, 
2656, 
2656, 
2656, 
2656, 
2656, 
2656, 
2656, 
2656, 
2657, 
2658, 
2658, 
2658, 
2659, 
2660, 
2660, 
2660, 
2660, 
2662, 
2662, 
2662, 
2662, 
2662, 
2662, 
2662, 
2662, 
2662, 
2662, 
2662, 
2664, 
2664, 
2664, 
2665, 
2666, 
2666, 
2666, 
2666, 
2666, 
2666, 
2666, 
2666, 
2668, 
2668, 
2668, 
2668, 
2668, 
2669, 
2669, 
2669, 
2670, 
2670, 
2670, 
2670, 
2670, 
2670, 
2670, 
2670, 
2670, 
2670, 
2670, 
2672, 
2672, 
2672, 
2672, 
2672, 
2672, 
2672, 
2672, 
2673, 
2676, 
2676, 
2678, 
2678, 
2678, 
2678, 
2678, 
2678, 
2678, 
2678, 
2678, 
2678, 
2678, 
2678, 
2678, 
2680, 
2680, 
2680, 
2680, 
2680, 
2680, 
2680, 
2680, 
2681, 
2682, 
2683, 
2684, 
2684, 
2684, 
2684, 
2685, 
2685, 
2686, 
2686, 
2686, 
2686, 
2686, 
2687, 
2688, 
2688, 
2688, 
2688, 
2688, 
2689, 
2689, 
2690, 
2690, 
2690, 
2690, 
2691, 
2693, 
2693, 
2693, 
2694, 
2694, 
2694, 
2694, 
2694, 
2695, 
2696, 
2696, 
2696, 
2696, 
2696, 
2696, 
2696, 
2696, 
2696, 
2703, 
2704, 
2704, 
2705, 
2706, 
2706, 
2706, 
2706, 
2706, 
2706, 
2706, 
2706, 
2706, 
2707, 
2708, 
2708, 
2708, 
2708, 
2708, 
2708, 
2708, 
2708, 
2708, 
2708, 
2708, 
2708, 
2708, 
2708, 
2708, 
2709, 
2709, 
2710, 
2710, 
2710, 
2710, 
2712, 
2712, 
2715, 
2716, 
2716, 
2716, 
2716, 
2716, 
2716, 
2716, 
2716, 
2716, 
2716, 
2716, 
2716, 
2716, 
2716, 
2716, 
2716, 
2716, 
2716, 
2716, 
2716, 
2719, 
2720, 
2720, 
2720, 
2720, 
2720, 
2723, 
2724, 
2724, 
2724, 
2725, 
2725, 
2726, 
2726, 
2726, 
2726, 
2727, 
2730, 
2730, 
2730, 
2730, 
2730, 
2730, 
2730, 
2730, 
2730, 
2730, 
2731, 
2731, 
2731, 
2732, 
2732, 
2732, 
2732, 
2735, 
2736, 
2736, 
2737, 
2737, 
2737, 
2737, 
2737, 
2738, 
2738, 
2738, 
2738, 
2738, 
2738, 
2738, 
2740, 
2740, 
2740, 
2740, 
2740, 
2740, 
2740, 
2740, 
2740, 
2740, 
2740, 
2740, 
2740, 
2741, 
2743, 
2743, 
2744, 
2744, 
2744, 
2744, 
2746, 
2746, 
2746, 
2747, 
2748, 
2748, 
2748, 
2748, 
2748, 
2748, 
2748, 
2749, 
2750, 
2750, 
2750, 
2750, 
2750, 
2750, 
2750, 
2750, 
2750, 
2750, 
2750, 
2750, 
2750, 
2750, 
2750, 
2751, 
2751, 
2751, 
2752, 
2752, 
2752, 
2752, 
2752, 
2752, 
2752, 
2752, 
2752, 
2752, 
2753, 
2753, 
2754, 
2754, 
2754, 
2754, 
2754, 
2754, 
2754, 
2754, 
2755, 
2756, 
2756, 
2756, 
2756, 
2756, 
2756, 
2756, 
2756, 
2756, 
2756, 
2756, 
2756, 
2756, 
2758, 
2758, 
2760, 
2760, 
2760, 
2760, 
2760, 
2760, 
2760, 
2760, 
2760, 
2760, 
2760, 
2760, 
2760, 
2760, 
2761, 
2762, 
2762, 
2762, 
2762, 
2762, 
2762, 
2762, 
2762, 
2762, 
2762, 
2762, 
2762, 
2762, 
2764, 
2765, 
2766, 
2766, 
2766, 
2766, 
2766, 
2768, 
2768, 
2768, 
2768, 
2768, 
2768, 
2768, 
2768, 
2768, 
2768, 
2768, 
2768, 
2768, 
2768, 
2768, 
2768, 
2769, 
2769, 
2771, 
2772, 
2772, 
2772, 
2772, 
2772, 
2772, 
2772, 
2772, 
2772, 
2772, 
2772, 
2772, 
2772, 
2772, 
2772, 
2772, 
2774, 
2774, 
2774, 
2775, 
2775, 
2777, 
2777, 
2778, 
2778, 
2778, 
2778, 
2778, 
2778, 
2778, 
2778, 
2778, 
2778, 
2778, 
2778, 
2778, 
2778, 
2778, 
2778, 
2778, 
2778, 
2778, 
2778, 
2778, 
2780, 
2780, 
2780, 
2780, 
2780, 
2780, 
2780, 
2781, 
2782, 
2784, 
2784, 
2784, 
2784, 
2784, 
2784, 
2784, 
2784, 
2785, 
2787, 
2787, 
2787, 
2788, 
2788, 
2788, 
2788, 
2788, 
2788, 
2788, 
2788, 
2788, 
2788, 
2788, 
2788, 
2788, 
2790, 
2790, 
2790, 
2790, 
2790, 
2790, 
2790, 
2790, 
2790, 
2793, 
2796, 
2796, 
2798, 
2798, 
2798, 
2798, 
2798, 
2799, 
2800, 
2800, 
2800, 
2800, 
2800, 
2800, 
2800, 
2800, 
2800, 
2800, 
2800, 
2800, 
2800, 
2800, 
2801, 
2802, 
2802, 
2802, 
2804, 
2804, 
2804, 
2804, 
2804, 
2804, 
2804, 
2805, 
2806, 
2806, 
2807, 
2808, 
2808, 
2808, 
2808, 
2808, 
2808, 
2808, 
2808, 
2809, 
2809, 
2809, 
2810, 
2810, 
2810, 
2810, 
2810, 
2812, 
2812, 
2812, 
2812, 
2812, 
2812, 
2812, 
2812, 
2812, 
2812, 
2812, 
2812, 
2812, 
2812, 
2812, 
2812, 
2812, 
2813, 
2814, 
2814, 
2814, 
2814, 
2816, 
2816, 
2816, 
2816, 
2816, 
2817, 
2818, 
2818, 
2818, 
2818, 
2818, 
2818, 
2818, 
2818, 
2818, 
2819, 
2820, 
2820, 
2820, 
2820, 
2820, 
2820, 
2822, 
2822, 
2822, 
2822, 
2822, 
2822, 
2822, 
2822, 
2824, 
2826, 
2830, 
2831, 
2831, 
2831, 
2832, 
2832, 
2832, 
2832, 
2832, 
2832, 
2832, 
2834, 
2834, 
2834, 
2834, 
2834, 
2834, 
2834, 
2834, 
2834, 
2834, 
2834, 
2834, 
2834, 
2834, 
2834, 
2834, 
2834, 
2834, 
2834, 
2834, 
2834, 
2834, 
2835, 
2836, 
2836, 
2836, 
2836, 
2836, 
2836, 
2837, 
2838, 
2838, 
2838, 
2838, 
2838, 
2838, 
2838, 
2838, 
2839, 
2839, 
2840, 
2840, 
2840, 
2841, 
2842, 
2842, 
2842, 
2842, 
2842, 
2842, 
2842, 
2842, 
2842, 
2842, 
2846, 
2849, 
2850, 
2850, 
2850, 
2850, 
2850, 
2850, 
2850, 
2850, 
2850, 
2850, 
2850, 
2850, 
2851, 
2851, 
2852, 
2852, 
2852, 
2852, 
2852, 
2852, 
2852, 
2852, 
2852, 
2852, 
2853, 
2854, 
2855, 
2855, 
2856, 
2857, 
2857, 
2857, 
2857, 
2857, 
2859, 
2859, 
2859, 
2859, 
2859, 
2860, 
2860, 
2860, 
2862, 
2862, 
2862, 
2862, 
2862, 
2863, 
2865, 
2865, 
2868, 
2868, 
2868, 
2868, 
2868, 
2870, 
2870, 
2870, 
2871, 
2871, 
2872, 
2872, 
2872, 
2872, 
2872, 
2872, 
2876, 
2876, 
2876, 
2878, 
2878, 
2878, 
2878, 
2878, 
2878, 
2878, 
2878, 
2878, 
2878, 
2878, 
2878, 
2878, 
2878, 
2878, 
2878, 
2878, 
2878, 
2878, 
2878, 
2878, 
2878, 
2878, 
2878, 
2878, 
2878, 
2878, 
2878, 
2878, 
2878, 
2878, 
2878, 
2878, 
2878, 
2878, 
2878, 
2878, 
2878, 
2878, 
2878, 
2879, 
2880, 
2880, 
2880, 
2880, 
2880, 
2882, 
2883, 
2884, 
2884, 
2884, 
2884, 
2884, 
2884, 
2884, 
2884, 
2884, 
2886, 
2886, 
2886, 
2886, 
2886, 
2886, 
2886, 
2886, 
2886, 
2887, 
2888, 
2888, 
2888, 
2888, 
2888, 
2888, 
2890, 
2890, 
2890, 
2890, 
2890, 
2890, 
2890, 
2890, 
2891, 
2893, 
2893, 
2894, 
2896, 
2896, 
2896, 
2896, 
2896, 
2896, 
2896, 
2896, 
2896, 
2896, 
2896, 
2896, 
2896, 
2896, 
2896, 
2896, 
2896, 
2896, 
2896, 
2897, 
2899, 
2900, 
2900, 
2900, 
2900, 
2902, 
2902, 
2902, 
2902, 
2902, 
2902, 
2902, 
2902, 
2902, 
2902, 
2902, 
2902, 
2902, 
2902, 
2902, 
2902, 
2902, 
2902, 
2902, 
2903, 
2905, 
2907, 
2907, 
2908, 
2909, 
2909, 
2912, 
2912, 
2912, 
2912, 
2912, 
2912, 
2913, 
2914, 
2914, 
2914, 
2914, 
2914, 
2914, 
2915, 
2916, 
2916, 
2916, 
2916, 
2918, 
2918, 
2918, 
2921, 
2924, 
2924, 
2924, 
2926, 
2926, 
2926, 
2926, 
2926, 
2926, 
2926, 
2926, 
2926, 
2927, 
2928, 
2928, 
2928, 
2928, 
2928, 
2928, 
2928, 
2928, 
2928, 
2928, 
2928, 
2928, 
2928, 
2928, 
2928, 
2930, 
2930, 
2930, 
2930, 
2934, 
2934, 
2936, 
2936, 
2936, 
2937, 
2938, 
2938, 
2938, 
2938, 
2938, 
2938, 
2938, 
2940, 
2942, 
2942, 
2942, 
2943, 
2944, 
2946, 
2946, 
2946, 
2946, 
2946, 
2946, 
2946, 
2946, 
2946, 
2948, 
2948, 
2948, 
2948, 
2948, 
2948, 
2948, 
2948, 
2950, 
2950, 
2951, 
2951, 
2952, 
2952, 
2952, 
2952, 
2952, 
2952, 
2952, 
2952, 
2952, 
2952, 
2952, 
2952, 
2952, 
2953, 
2953, 
2953, 
2956, 
2960, 
2961, 
2964, 
2965, 
2965, 
2965, 
2966, 
2966, 
2967, 
2967, 
2969, 
2969, 
2970, 
2971, 
2972, 
2972, 
2972, 
2972, 
2974, 
2974, 
2974, 
2974, 
2974, 
2974, 
2974, 
2974, 
2974, 
2974, 
2974, 
2974, 
2974, 
2974, 
2975, 
2976, 
2978, 
2978, 
2978, 
2978, 
2978, 
2978, 
2978, 
2979, 
2980, 
2980, 
2980, 
2980, 
2980, 
2980, 
2980, 
2980, 
2980, 
2980, 
2980, 
2980, 
2980, 
2980, 
2980, 
2980, 
2980, 
2980, 
2980, 
2980, 
2980, 
2980, 
2980, 
2980, 
2980, 
2981, 
2982, 
2982, 
2982, 
2982, 
2984, 
2987, 
2987, 
2988, 
2988, 
2988, 
2988, 
2988, 
2989, 
2989, 
2992, 
2992, 
2992, 
2992, 
2993, 
2993, 
2993, 
2993, 
2994, 
2994, 
2997, 
2998, 
2998, 
2998, 
2999, 
3000, 
3000, 
3000, 
3000, 
3002, 
3002, 
3004, 
3004, 
3004, 
3004, 
3004, 
3004, 
3004, 
3005, 
3006, 
3006, 
3006, 
3006, 
3006, 
3006, 
3006, 
3007, 
3007, 
3008, 
3010, 
3013, 
3015, 
3016, 
3016, 
3016, 
3016, 
3018, 
3018, 
3018, 
3018, 
3018, 
3018, 
3018, 
3018, 
3018, 
3020, 
3020, 
3020, 
3020, 
3020, 
3020, 
3020, 
3020, 
3020, 
3020, 
3020, 
3020, 
3020, 
3020, 
3020, 
3020, 
3020, 
3020, 
3020, 
3020, 
3020, 
3020, 
3021, 
3022, 
3022, 
3022, 
3022, 
3022, 
3022, 
3022, 
3022, 
3022, 
3024, 
3024, 
3024, 
3024, 
3024, 
3024, 
3026, 
3026, 
3026, 
3027, 
3028, 
3028, 
3028, 
3028, 
3028, 
3028, 
3028, 
3028, 
3028, 
3028, 
3030, 
3031, 
3035, 
3036, 
3036, 
3036, 
3036, 
3036, 
3036, 
3038, 
3038, 
3038, 
3038, 
3038, 
3040, 
3040, 
3040, 
3040, 
3040, 
3040, 
3040, 
3042, 
3044, 
3044, 
3044, 
3044, 
3044, 
3044, 
3044, 
3044, 
3044, 
3044, 
3044, 
3044, 
3044, 
3044, 
3046, 
3046, 
3046, 
3046, 
3046, 
3046, 
3046, 
3046, 
3046, 
3046, 
3046, 
3046, 
3046, 
3046, 
3046, 
3046, 
3046, 
3048, 
3048, 
3048, 
3048, 
3048, 
3048, 
3049, 
3050, 
3050, 
3050, 
3052, 
3052, 
3052, 
3052, 
3052, 
3052, 
3052, 
3052, 
3052, 
3052, 
3052, 
3052, 
3052, 
3052, 
3052, 
3052, 
3052, 
3052, 
3052, 
3055, 
3057, 
3058, 
3058, 
3059, 
3061, 
3063, 
3063, 
3064, 
3065, 
3065, 
3067, 
3068, 
3068, 
3068, 
3068, 
3068, 
3068, 
3068, 
3068, 
3068, 
3069, 
3070, 
3070, 
3070, 
3070, 
3070, 
3070, 
3070, 
3070, 
3070, 
3070, 
3070, 
3070, 
3070, 
3070, 
3073, 
3073, 
3076, 
3076, 
3076, 
3076, 
3078, 
3078, 
3078, 
3078, 
3078, 
3078, 
3078, 
3078, 
3078, 
3078, 
3078, 
3078, 
3078, 
3078, 
3078, 
3078, 
3078, 
3080, 
3080, 
3080, 
3081, 
3082, 
3082, 
3082, 
3083, 
3084, 
3084, 
3084, 
3084, 
3084, 
3084, 
3084, 
3084, 
3085, 
3085, 
3086, 
3086, 
3086, 
3086, 
3086, 
3086, 
3088, 
3088, 
3088, 
3088, 
3089, 
3089, 
3090, 
3092, 
3092, 
3092, 
3092, 
3092, 
3093, 
3094, 
3094, 
3094, 
3094, 
3094, 
3094, 
3094, 
3094, 
3094, 
3094, 
3095, 
3095, 
3095, 
3097, 
3098, 
3098, 
3100, 
3100, 
3100, 
3101, 
3102, 
3102, 
3102, 
3102, 
3102, 
3102, 
3102, 
3102, 
3102, 
3102, 
3102, 
3102, 
3102, 
3102, 
3102, 
3102, 
3102, 
3104, 
3104, 
3104, 
3104, 
3104, 
3104, 
3104, 
3104, 
3104, 
3104, 
3104, 
3105, 
3106, 
3106, 
3106, 
3106, 
3106, 
3106, 
3106, 
3106, 
3106, 
3106, 
3106, 
3106, 
3106, 
3108, 
3108, 
3108, 
3108, 
3108, 
3108, 
3108, 
3108, 
3108, 
3108, 
3110, 
3111, 
3112, 
3112, 
3112, 
3114, 
3114, 
3114, 
3114, 
3114, 
3114, 
3114, 
3114, 
3114, 
3114, 
3114, 
3114, 
3114, 
3117, 
3119, 
3119, 
3120, 
3121, 
3121, 
3121, 
3122, 
3124, 
3124, 
3124, 
3124, 
3126, 
3126, 
3126, 
3126, 
3126, 
3126, 
3126, 
3126, 
3126, 
3126, 
3126, 
3126, 
3126, 
3126, 
3128, 
3131, 
3132, 
3132, 
3132, 
3135, 
3136, 
3136, 
3136, 
3136, 
3138, 
3138, 
3138, 
3138, 
3138, 
3138, 
3138, 
3138, 
3138, 
3138, 
3138, 
3138, 
3138, 
3140, 
3141, 
3141, 
3144, 
3149, 
3149, 
3150, 
3150, 
3151, 
3152, 
3152, 
3152, 
3152, 
3152, 
3152, 
3152, 
3152, 
3152, 
3152, 
3152, 
3152, 
3152, 
3153, 
3153, 
3154, 
3154, 
3154, 
3154, 
3154, 
3154, 
3154, 
3156, 
3157, 
3158, 
3159, 
3160, 
3160, 
3160, 
3160, 
3160, 
3160, 
3162, 
3162, 
3162, 
3162, 
3162, 
3162, 
3162, 
3162, 
3162, 
3162, 
3163, 
3164, 
3166, 
3166, 
3166, 
3167, 
3168, 
3168, 
3168, 
3168, 
3168, 
3168, 
3169, 
3170, 
3170, 
3170, 
3170, 
3170, 
3170, 
3170, 
3170, 
3170, 
3170, 
3170, 
3170, 
3170, 
3170, 
3170, 
3170, 
3170, 
3170, 
3170, 
3170, 
3170, 
3170, 
3170, 
3170, 
3170, 
3170, 
3170, 
3170, 
3172, 
3172, 
3172, 
3172, 
3172, 
3172, 
3172, 
3177, 
3178, 
3179, 
3180, 
3180, 
3180, 
3180, 
3180, 
3181, 
3181, 
3181, 
3184, 
3184, 
3184, 
3184, 
3184, 
3185, 
3186, 
3186, 
3186, 
3186, 
3186, 
3186, 
3188, 
3189, 
3190, 
3191, 
3191, 
3191, 
3191, 
3192, 
3192, 
3192, 
3192, 
3192, 
3192, 
3192, 
3192, 
3192, 
3192, 
3192, 
3192, 
3192, 
3192, 
3192, 
3192, 
3192, 
3192, 
3192, 
3192, 
3192, 
3192, 
3192, 
3192, 
3192, 
3192, 
3192, 
3192, 
3194, 
3194, 
3194, 
3194, 
3194, 
3194, 
3194, 
3194, 
3194, 
3196, 
3196, 
3196, 
3196, 
3196, 
3196, 
3196, 
3196, 
3196, 
3196, 
3196, 
3196, 
3196, 
3196, 
3196, 
3196, 
3196, 
3196, 
3196, 
3196, 
3196, 
3196, 
3196, 
3196, 
3197, 
3199, 
3200, 
3200, 
3202, 
3202, 
3202, 
3202, 
3202, 
3202, 
3202, 
3202, 
3202, 
3202, 
3202, 
3202, 
3202, 
3202, 
3202, 
3202, 
3202, 
3202, 
3202, 
3202, 
3203, 
3203, 
3204, 
3204, 
3204, 
3204, 
3204, 
3205, 
3206, 
3206, 
3206, 
3206, 
3206, 
3206, 
3206, 
3206, 
3208, 
3208, 
3208, 
3208, 
3208, 
3208, 
3208, 
3208, 
3208, 
3208, 
3208, 
3208, 
3208, 
3208, 
3208, 
3208, 
3208, 
3208, 
3208, 
3210, 
3210, 
3210, 
3210, 
3210, 
3210, 
3210, 
3210, 
3210, 
3210, 
3210, 
3210, 
3212, 
3212, 
3212, 
3212, 
3213, 
3214, 
3214, 
3214, 
3214, 
3214, 
3216, 
3216, 
3216, 
3217, 
3217, 
3218, 
3218, 
3218, 
3218, 
3218, 
3218, 
3218, 
3218, 
3218, 
3218, 
3218, 
3218, 
3218, 
3218, 
3219, 
3220, 
3220, 
3220, 
3220, 
3220, 
3220, 
3220, 
3220, 
3220, 
3220, 
3220, 
3220, 
3222, 
3222, 
3222, 
3223, 
3223, 
3224, 
3224, 
3224, 
3224, 
3224, 
3224, 
3224, 
3224, 
3224, 
3224, 
3224, 
3224, 
3224, 
3224, 
3224, 
3224, 
3224, 
3224, 
3224, 
3224, 
3224, 
3224, 
3224, 
3224, 
3224, 
3224, 
3224, 
3224, 
3224, 
3226, 
3226, 
3226, 
3226, 
3226, 
3226, 
3226, 
3226, 
3226, 
3226, 
3226, 
3226, 
3226, 
3226, 
3226, 
3227, 
3228, 
3228, 
3228, 
3228, 
3228, 
3228, 
3228, 
3228, 
3228, 
3228, 
3228, 
3228, 
3228, 
3230, 
3230, 
3230, 
3230, 
3230, 
3230, 
3230, 
3230, 
3230, 
3230, 
3230, 
3232, 
3232, 
3232, 
3232, 
3232, 
3232, 
3232, 
3232, 
3234, 
3234, 
3234, 
3234, 
3236, 
3236, 
3236, 
3236, 
3236, 
3236, 
3236, 
3236, 
3236, 
3236, 
3236, 
3236, 
3236, 
3236, 
3236, 
3236, 
3238, 
3238, 
3238, 
3239, 
3240, 
3240, 
3240, 
3240, 
3240, 
3240, 
3240, 
3240, 
3242, 
3242, 
3242, 
3242, 
3242, 
3242, 
3242, 
3242, 
3242, 
3242, 
3242, 
3242, 
3242, 
3242, 
3242, 
3242, 
3242, 
3242, 
3242, 
3242, 
3242, 
3242, 
3243, 
3245, 
3245, 
3245, 
3245, 
3246, 
3246, 
3246, 
3246, 
3246, 
3246, 
3246, 
3246, 
3246, 
3246, 
3248, 
3250, 
3251, 
3254, 
3254, 
3254, 
3254, 
3254, 
3254, 
3254, 
3255, 
3256, 
3256, 
3256, 
3257, 
3257, 
3257, 
3258, 
3258, 
3258, 
3258, 
3258, 
3258, 
3258, 
3258, 
3258, 
3258, 
3258, 
3258, 
3258, 
3258, 
3258, 
3258, 
3258, 
3258, 
3258, 
3258, 
3258, 
3258, 
3260, 
3260, 
3260, 
3260, 
3260, 
3260, 
3261, 
3261, 
3262, 
3262, 
3262, 
3262, 
3262, 
3264, 
3264, 
3264, 
3264, 
3264, 
3264, 
3264, 
3264, 
3264, 
3264, 
3264, 
3264, 
3264, 
3265, 
3265, 
3265, 
3266, 
3266, 
3266, 
3266, 
3266, 
3266, 
3267, 
3267, 
3268, 
3268, 
3268, 
3268, 
3268, 
3268, 
3268, 
3268, 
3268, 
3268, 
3268, 
3268, 
3268, 
3268, 
3268, 
3268, 
3268, 
3268, 
3268, 
3268, 
3268, 
3268, 
3268, 
3269, 
3270, 
3270, 
3270, 
3270, 
3270, 
3272, 
3272, 
3272, 
3273, 
3273, 
3274, 
3274, 
3274, 
3274, 
3274, 
3274, 
3274, 
3275, 
3278, 
3279, 
3280, 
3281, 
3281, 
3282, 
3282, 
3282, 
3282, 
3282, 
3282, 
3282, 
3283, 
3283, 
3284, 
3285, 
3285, 
3287, 
3287, 
3288, 
3288, 
3288, 
3288, 
3288, 
3288, 
3288, 
3288, 
3288, 
3289, 
3289, 
3289, 
3289, 
3289, 
3292, 
3293, 
3295, 
3296, 
3296, 
3296, 
3296, 
3296, 
3297, 
3297, 
3297, 
3298, 
3298, 
3298, 
3298, 
3299, 
3300, 
3301, 
3302, 
3302, 
3305, 
3307, 
3308, 
3308, 
3308, 
3308, 
3308, 
3308, 
3311, 
3312, 
3312, 
3312, 
3312, 
3313, 
3314, 
3314, 
3316, 
3316, 
3316, 
3316, 
3316, 
3316, 
3316, 
3316, 
3316, 
3316, 
3316, 
3316, 
3316, 
3316, 
3317, 
3322, 
3322, 
3322, 
3322, 
3322, 
3322, 
3322, 
3324, 
3324, 
3324, 
3326, 
3326, 
3329, 
3330, 
3331, 
3332, 
3332, 
3332, 
3332, 
3332, 
3332, 
3332, 
3332, 
3333, 
3334, 
3334, 
3335, 
3335, 
3335, 
3336, 
3336, 
3336, 
3336, 
3336, 
3336, 
3336, 
3336, 
3337, 
3337, 
3338, 
3339, 
3339, 
3340, 
3340, 
3340, 
3341, 
3342, 
3343, 
3344, 
3344, 
3345, 
3347, 
3348, 
3349, 
3352, 
3353, 
3353, 
3354, 
3354, 
3354, 
3354, 
3354, 
3354, 
3354, 
3354, 
3354, 
3354, 
3354, 
3354, 
3354, 
3354, 
3356, 
3356, 
3356, 
3358, 
3358, 
3358, 
3358, 
3358, 
3358, 
3358, 
3358, 
3358, 
3358, 
3358, 
3360, 
3360, 
3360, 
3360, 
3360, 
3360, 
3360, 
3360, 
3360, 
3360, 
3360, 
3361, 
3362, 
3362, 
3362, 
3362, 
3362, 
3362, 
3362, 
3362, 
3362, 
3362, 
3362, 
3362, 
3362, 
3362, 
3362, 
3362, 
3364, 
3364, 
3364, 
3364, 
3364, 
3364, 
3364, 
3364, 
3365, 
3366, 
3366, 
3366, 
3366, 
3366, 
3368, 
3371, 
3371, 
3373, 
3373, 
3374, 
3375, 
3376, 
3376, 
3376, 
3377, 
3378, 
3378, 
3378, 
3378, 
3378, 
3378, 
3378, 
3379, 
3379, 
3380, 
3380, 
3382, 
3382, 
3382, 
3382, 
3382, 
3382, 
3382, 
3382, 
3382, 
3382, 
3382, 
3382, 
3382, 
3382, 
3382, 
3382, 
3382, 
3382, 
3382, 
3382, 
3384, 
3384, 
3385, 
3386, 
3387, 
3388, 
3388, 
3388, 
3388, 
3388, 
3388, 
3390, 
3390, 
3390, 
3390, 
3391, 
3392, 
3392, 
3392, 
3392, 
3394, 
3394, 
3394, 
3394, 
3394, 
3394, 
3396, 
3398, 
3398, 
3398, 
3398, 
3398, 
3398, 
3398, 
3398, 
3398, 
3398, 
3398, 
3398, 
3398, 
3398, 
3398, 
3398, 
3398, 
3398, 
3398, 
3398, 
3398, 
3398, 
3398, 
3398, 
3398, 
3398, 
3398, 
3398, 
3398, 
3398, 
3398, 
3398, 
3398, 
3398, 
3398, 
3398, 
3398, 
3398, 
3398, 
3399, 
3401, 
3404, 
3404, 
3404, 
3404, 
3406, 
3407, 
3407, 
3407, 
3407, 
3407, 
3407, 
3408, 
3408, 
3408, 
3408, 
3408, 
3408, 
3408, 
3410, 
3410, 
3410, 
3410, 
3410, 
3410, 
3410, 
3410, 
3410, 
3412, 
3412, 
3412, 
3412, 
3412, 
3412, 
3412, 
3412, 
3412, 
3414, 
3414, 
3414, 
3414, 
3414, 
3414, 
3414, 
3414, 
3415, 
3415, 
3418, 
3420, 
3420, 
3422, 
3422, 
3422, 
3422, 
3424, 
3424, 
3424, 
3424, 
3424, 
3424, 
3424, 
3424, 
3424, 
3424, 
3424, 
3424, 
3424, 
3424, 
3424, 
3424, 
3424, 
3426, 
3428, 
3428, 
3428, 
3428, 
3430, 
3430, 
3430, 
3430, 
3430, 
3430, 
3430, 
3430, 
3430, 
3430, 
3430, 
3430, 
3430, 
3430, 
3430, 
3430, 
3430, 
3430, 
3430, 
3430, 
3430, 
3430, 
3430, 
3430, 
3430, 
3430, 
3430, 
3430, 
3430, 
3430, 
3433, 
3434, 
3434, 
3434, 
3434, 
3434, 
3434, 
3434, 
3434, 
3434, 
3434, 
3434, 
3434, 
3434, 
3434, 
3436, 
3436, 
3436, 
3436, 
3436, 
3436, 
3436, 
3436, 
3436, 
3436, 
3436, 
3436, 
3436, 
3436, 
3436, 
3436, 
3436, 
3436, 
3436, 
3436, 
3436, 
3438, 
3438, 
3438, 
3438, 
3438, 
3439, 
3440, 
3440, 
3440, 
3440, 
3440, 
3440, 
3440, 
3440, 
3440, 
3440, 
3440, 
3440, 
3440, 
3440, 
3440, 
3440, 
3440, 
3440, 
3440, 
3440, 
3440, 
3442, 
3442, 
3442, 
3442, 
3444, 
3444, 
3444, 
3444, 
3444, 
3444, 
3444, 
3444, 
3444, 
3444, 
3444, 
3444, 
3444, 
3444, 
3445, 
3447, 
3450, 
3450, 
3450, 
3451, 
3452, 
3452, 
3452, 
3452, 
3452, 
3452, 
3452, 
3452, 
3452, 
3452, 
3452, 
3452, 
3452, 
3452, 
3452, 
3452, 
3453, 
3454, 
3454, 
3454, 
3454, 
3454, 
3456, 
3456, 
3456, 
3456, 
3456, 
3456, 
3456, 
3456, 
3456, 
3456, 
3456, 
3456, 
3456, 
3456, 
3456, 
3456, 
3456, 
3456, 
3456, 
3456, 
3456, 
3456, 
3456, 
3456, 
3456, 
3456, 
3456, 
3456, 
3456, 
3456, 
3456, 
3456, 
3456, 
3456, 
3456, 
3456, 
3456, 
3457, 
3460, 
3460, 
3460, 
3460, 
3460, 
3460, 
3460, 
3461, 
3462, 
3462, 
3462, 
3462, 
3463, 
3463, 
3464, 
3464, 
3464, 
3464, 
3464, 
3464, 
3464, 
3464, 
3464, 
3464, 
3464, 
3464, 
3464, 
3464, 
3465, 
3466, 
3466, 
3466, 
3466, 
3466, 
3466, 
3466, 
3466, 
3466, 
3466, 
3466, 
3468, 
3468, 
3468, 
3468, 
3468, 
3468, 
3468, 
3468, 
3468, 
3470, 
3470, 
3470, 
3470, 
3470, 
3470, 
3470, 
3470, 
3470, 
3470, 
3470, 
3470, 
3470, 
3470, 
3470, 
3470, 
3470, 
3470, 
3470, 
3470, 
3473, 
3474, 
3475, 
3476, 
3479, 
3480, 
3481, 
3481, 
3481, 
3484, 
3484, 
3484, 
3484, 
3484, 
3484, 
3484, 
3484, 
3486, 
3486, 
3486, 
3486, 
3486, 
3486, 
3486, 
3486, 
3488, 
3488, 
3488, 
3488, 
3488, 
3488, 
3488, 
3488, 
3488, 
3488, 
3488, 
3488, 
3488, 
3488, 
3490, 
3491, 
3492, 
3492, 
3492, 
3492, 
3492, 
3494, 
3494, 
3494, 
3494, 
3494, 
3495, 
3496, 
3496, 
3497, 
3500, 
3500, 
3500, 
3501, 
3502, 
3503, 
3504, 
3504, 
3504, 
3504, 
3504, 
3504, 
3504, 
3504, 
3504, 
3506, 
3508, 
3512, 
3514, 
3514, 
3514, 
3514, 
3514, 
3514, 
3514, 
3514, 
3514, 
3514, 
3514, 
3514, 
3514, 
3514, 
3514, 
3514, 
3516, 
3516, 
3516, 
3516, 
3516, 
3516, 
3516, 
3516, 
3516, 
3516, 
3516, 
3516, 
3516, 
3516, 
3516, 
3517, 
3518, 
3518, 
3518, 
3518, 
3518, 
3518, 
3519, 
3519, 
3520, 
3520, 
3520, 
3520, 
3522, 
3522, 
3522, 
3522, 
3522, 
3522, 
3522, 
3522, 
3522, 
3522, 
3526, 
3526, 
3527, 
3528, 
3528, 
3529, 
3530, 
3530, 
3530, 
3530, 
3530, 
3531, 
3532, 
3532, 
3532, 
3532, 
3532, 
3532, 
3532, 
3532, 
3532, 
3532, 
3532, 
3532, 
3532, 
3532, 
3532, 
3532, 
3532, 
3532, 
3532, 
3532, 
3532, 
3533, 
3534, 
3534, 
3534, 
3534, 
3534, 
3534, 
3534, 
3534, 
3534, 
3534, 
3534, 
3534, 
3534, 
3534, 
3534, 
3534, 
3534, 
3534, 
3534, 
3534, 
3534, 
3534, 
3535, 
3536, 
3536, 
3536, 
3537, 
3538, 
3538, 
3538, 
3538, 
3539, 
3540, 
3540, 
3540, 
3540, 
3540, 
3540, 
3540, 
3540, 
3540, 
3540, 
3540, 
3540, 
3540, 
3540, 
3540, 
3542, 
3542, 
3542, 
3542, 
3542, 
3542, 
3542, 
3542, 
3542, 
3542, 
3542, 
3542, 
3542, 
3542, 
3542, 
3542, 
3542, 
3542, 
3542, 
3542, 
3542, 
3543, 
3544, 
3544, 
3544, 
3544, 
3544, 
3544, 
3544, 
3544, 
3544, 
3545, 
3545, 
3546, 
3546, 
3546, 
3546, 
3546, 
3546, 
3546, 
3546, 
3546, 
3546, 
3546, 
3546, 
3546, 
3547, 
3548, 
3548, 
3548, 
3548, 
3548, 
3548, 
3548, 
3548, 
3550, 
3550, 
3550, 
3550, 
3550, 
3550, 
3550, 
3550, 
3550, 
3550, 
3550, 
3550, 
3550, 
3550, 
3550, 
3551, 
3551, 
3552, 
3552, 
3552, 
3552, 
3552, 
3552, 
3552, 
3552, 
3552, 
3552, 
3552, 
3552, 
3552, 
3553, 
3558, 
3558, 
3558, 
3558, 
3560, 
3560, 
3560, 
3560, 
3560, 
3560, 
3560, 
3560, 
3560, 
3560, 
3560, 
3560, 
3561, 
3562, 
3563, 
3563, 
3563, 
3564, 
3564, 
3564, 
3564, 
3567, 
3567, 
3568, 
3568, 
3568, 
3568, 
3569, 
3570, 
3570, 
3570, 
3570, 
3570, 
3570, 
3570, 
3570, 
3570, 
3570, 
3570, 
3570, 
3570, 
3570, 
3570, 
3570, 
3570, 
3570, 
3570, 
3570, 
3570, 
3570, 
3570, 
3570, 
3570, 
3570, 
3570, 
3571, 
3572, 
3574, 
3574, 
3574, 
3574, 
3574, 
3574, 
3574, 
3574, 
3574, 
3574, 
3574, 
3574, 
3574, 
3574, 
3574, 
3574, 
3574, 
3574, 
3574, 
3574, 
3574, 
3574, 
3574, 
3574, 
3574, 
3574, 
3574, 
3574, 
3574, 
3575, 
3576, 
3576, 
3576, 
3576, 
3576, 
3576, 
3576, 
3576, 
3576, 
3576, 
3576, 
3576, 
3576, 
3576, 
3576, 
3576, 
3576, 
3576, 
3576, 
3576, 
3576, 
3578, 
3578, 
3578, 
3578, 
3578, 
3578, 
3578, 
3579, 
3580, 
3580, 
3582, 
3584, 
3584, 
3584, 
3584, 
3584, 
3584, 
3584, 
3584, 
3584, 
3584, 
3584, 
3584, 
3584, 
3584, 
3584, 
3584, 
3584, 
3584, 
3584, 
3585, 
3586, 
3586, 
3586, 
3586, 
3586, 
3586, 
3586, 
3586, 
3586, 
3586, 
3586, 
3586, 
3586, 
3586, 
3586, 
3586, 
3586, 
3586, 
3586, 
3586, 
3586, 
3586, 
3586, 
3587, 
3589, 
3590, 
3590, 
3590, 
3590, 
3590, 
3590, 
3590, 
3590, 
3590, 
3590, 
3591, 
3592, 
3592, 
3592, 
3592, 
3592, 
3592, 
3592, 
3592, 
3592, 
3592, 
3592, 
3592, 
3592, 
3592, 
3593, 
3593, 
3594, 
3594, 
3595, 
3596, 
3596, 
3596, 
3596, 
3596, 
3596, 
3596, 
3596, 
3596, 
3596, 
3596, 
3596, 
3596, 
3596, 
3596, 
3596, 
3596, 
3596, 
3596, 
3596, 
3596, 
3596, 
3596, 
3596, 
3596, 
3597, 
3598, 
3598, 
3598, 
3598, 
3598, 
3598, 
3598, 
3598, 
3599, 
3600, 
3600, 
3600, 
3600, 
3602, 
3602, 
3602, 
3602, 
3602, 
3602, 
3602, 
3602, 
3602, 
3604, 
3604, 
3604, 
3604, 
3604, 
3604, 
3604, 
3604, 
3604, 
3604, 
3604, 
3604, 
3604, 
3604, 
3604, 
3604, 
3604, 
3606, 
3608, 
3608, 
3608, 
3608, 
3608, 
3608, 
3608, 
3608, 
3608, 
3608, 
3608, 
3610, 
3610, 
3612, 
3613, 
3613, 
3613, 
3615, 
3617, 
3620, 
3620, 
3620, 
3621, 
3622, 
3622, 
3622, 
3622, 
3622, 
3622, 
3622, 
3622, 
3622, 
3622, 
3622, 
3622, 
3622, 
3622, 
3622, 
3622, 
3622, 
3624, 
3624, 
3624, 
3624, 
3624, 
3624, 
3624, 
3624, 
3624, 
3624, 
3624, 
3624, 
3625, 
3627, 
3628, 
3628, 
3629, 
3629, 
3629, 
3630, 
3630, 
3630, 
3630, 
3630, 
3632, 
3632, 
3632, 
3632, 
3632, 
3632, 
3632, 
3632, 
3632, 
3632, 
3632, 
3632, 
3632, 
3632, 
3633, 
3634, 
3634, 
3634, 
3634, 
3634, 
3634, 
3634, 
3634, 
3634, 
3634, 
3634, 
3634, 
3634, 
3634, 
3634, 
3634, 
3636, 
3636, 
3636, 
3636, 
3636, 
3636, 
3636, 
3638, 
3638, 
3638, 
3638, 
3638, 
3638, 
3638, 
3638, 
3638, 
3638, 
3638, 
3638, 
3638, 
3638, 
3638, 
3638, 
3638, 
3638, 
3638, 
3638, 
3640, 
3640, 
3640, 
3640, 
3640, 
3640, 
3640, 
3642, 
3642, 
3642, 
3642, 
3642, 
3643, 
3645, 
3646, 
3646, 
3646, 
3646, 
3646, 
3646, 
3646, 
3646, 
3646, 
3646, 
3646, 
3646, 
3646, 
3646, 
3646, 
3646, 
3646, 
3647, 
3649, 
3650, 
3650, 
3650, 
3650, 
3650, 
3650, 
3652, 
3652, 
3652, 
3652, 
3652, 
3652, 
3652, 
3652, 
3652, 
3652, 
3652, 
3652, 
3653, 
3654, 
3654, 
3654, 
3654, 
3654, 
3654, 
3654, 
3654, 
3654, 
3654, 
3654, 
3654, 
3654, 
3654, 
3655, 
3656, 
3656, 
3656, 
3656, 
3656, 
3656, 
3656, 
3657, 
3657, 
3658, 
3661, 
3662, 
3663, 
3664, 
3664, 
3664, 
3664, 
3664, 
3664, 
3664, 
3664, 
3664, 
3664, 
3664, 
3664, 
3664, 
3664, 
3664, 
3665, 
3666, 
3666, 
3666, 
3666, 
3666, 
3666, 
3668, 
3668, 
3668, 
3668, 
3668, 
3668, 
3668, 
3668, 
3668, 
3668, 
3668, 
3669, 
3669, 
3670, 
3670, 
3670, 
3670, 
3670, 
3670, 
3670, 
3670, 
3671, 
3672, 
3672, 
3672, 
3673, 
3674, 
3674, 
3674, 
3674, 
3674, 
3674, 
3674, 
3674, 
3676, 
3676, 
3676, 
3676, 
3676, 
3677, 
3678, 
3679, 
3680, 
3680, 
3680, 
3680, 
3680, 
3680, 
3680, 
3680, 
3680, 
3680, 
3680, 
3680, 
3680, 
3680, 
3680, 
3680, 
3680, 
3680, 
3682, 
3682, 
3682, 
3682, 
3682, 
3682, 
3682, 
3682, 
3682, 
3683, 
3686, 
3686, 
3686, 
3686, 
3688, 
3688, 
3688, 
3688, 
3688, 
3688, 
3688, 
3688, 
3690, 
3690, 
3690, 
3690, 
3690, 
3690, 
3690, 
3690, 
3690, 
3690, 
3690, 
3690, 
3690, 
3690, 
3692, 
3695, 
3696, 
3696, 
3696, 
3697, 
3698, 
3698, 
3698, 
3698, 
3700, 
3700, 
3700, 
3700, 
3700, 
3700, 
3700, 
3700, 
3700, 
3700, 
3700, 
3700, 
3700, 
3700, 
3700, 
3700, 
3700, 
3700, 
3700, 
3700, 
3700, 
3700, 
3700, 
3700, 
3700, 
3700, 
3700, 
3700, 
3700, 
3700, 
3701, 
3701, 
3702, 
3706, 
3706, 
3707, 
3708, 
3708, 
3708, 
3708, 
3708, 
3710, 
3713, 
3714, 
3714, 
3714, 
3714, 
3714, 
3714, 
3714, 
3714, 
3714, 
3714, 
3714, 
3714, 
3714, 
3714, 
3714, 
3714, 
3715, 
3716, 
3716, 
3717, 
3717, 
3718, 
3718, 
3719, 
3719, 
3720, 
3722, 
3722, 
3722, 
3722, 
3722, 
3723, 
3724, 
3724, 
3724, 
3724, 
3725, 
3727, 
3728, 
3728, 
3728, 
3728, 
3728, 
3728, 
3728, 
3728, 
3728, 
3728, 
3728, 
3728, 
3728, 
3728, 
3728, 
3728, 
3728, 
3728, 
3728, 
3728, 
3728, 
3728, 
3728, 
3728, 
3728, 
3728, 
3728, 
3728, 
3728, 
3728, 
3728, 
3729, 
3729, 
3729, 
3729, 
3730, 
3730, 
3730, 
3730, 
3730, 
3730, 
3730, 
3730, 
3732, 
3733, 
3733, 
3734, 
3734, 
3735, 
3736, 
3736, 
3736, 
3736, 
3736, 
3736, 
3736, 
3736, 
3736, 
3736, 
3736, 
3736, 
3736, 
3736, 
3736, 
3736, 
3737, 
3737, 
3738, 
3738, 
3738, 
3738, 
3739, 
3739, 
3743, 
3744, 
3744, 
3744, 
3744, 
3744, 
3744, 
3744, 
3744, 
3744, 
3744, 
3744, 
3744, 
3744, 
3744, 
3744, 
3744, 
3744, 
3744, 
3744, 
3744, 
3744, 
3744, 
3744, 
3744, 
3744, 
3744, 
3744, 
3744, 
3744, 
3744, 
3744, 
3744, 
3745, 
3746, 
3746, 
3746, 
3746, 
3746, 
3746, 
3746, 
3746, 
3746, 
3746, 
3746, 
3746, 
3746, 
3746, 
3746, 
3748, 
3748, 
3748, 
3750, 
3750, 
3750, 
3750, 
3750, 
3750, 
3750, 
3750, 
3750, 
3750, 
3750, 
3752, 
3752, 
3753, 
3754, 
3757, 
3758, 
3758, 
3758, 
3758, 
3758, 
3759, 
3760, 
3760, 
3760, 
3760, 
3761, 
3762, 
3762, 
3762, 
3762, 
3762, 
3762, 
3762, 
3762, 
3763, 
3764, 
3764, 
3764, 
3764, 
3764, 
3764, 
3764, 
3764, 
3764, 
3764, 
3764, 
3764, 
3764, 
3764, 
3764, 
3764, 
3765, 
3766, 
3766, 
3766, 
3766, 
3766, 
3767, 
3767, 
3768, 
3768, 
3768, 
3768, 
3768, 
3768, 
3768, 
3768, 
3768, 
3768, 
3768, 
3768, 
3768, 
3768, 
3768, 
3768, 
3768, 
3768, 
3768, 
3768, 
3768, 
3768, 
3768, 
3768, 
3768, 
3768, 
3768, 
3768, 
3768, 
3769, 
3771, 
3771, 
3772, 
3772, 
3772, 
3772, 
3772, 
3772, 
3772, 
3772, 
3772, 
3774, 
3774, 
3776, 
3778, 
3780, 
3780, 
3780, 
3780, 
3780, 
3780, 
3780, 
3780, 
3780, 
3782, 
3782, 
3782, 
3782, 
3782, 
3782, 
3782, 
3782, 
3782, 
3782, 
3782, 
3782, 
3782, 
3782, 
3782, 
3782, 
3782, 
3782, 
3782, 
3782, 
3782, 
3782, 
3782, 
3782, 
3782, 
3782, 
3782, 
3782, 
3782, 
3782, 
3782, 
3782, 
3782, 
3782, 
3782, 
3784, 
3784, 
3784, 
3784, 
3785, 
3785, 
3785, 
3787, 
3788, 
3788, 
3788, 
3788, 
3788, 
3788, 
3788, 
3790, 
3790, 
3790, 
3790, 
3791, 
3792, 
3792, 
3792, 
3792, 
3792, 
3792, 
3792, 
3793, 
3794, 
3794, 
3794, 
3794, 
3794, 
3794, 
3794, 
3794, 
3794, 
3794, 
3794, 
3794, 
3794, 
3794, 
3796, 
3800, 
3802, 
3802, 
3802, 
3803, 
3804, 
3804, 
3804, 
3806, 
3806, 
3806, 
3806, 
3806, 
3806, 
3806, 
3807, 
3808, 
3808, 
3808, 
3808, 
3808, 
3810, 
3810, 
3810, 
3810, 
3811, 
3812, 
3812, 
3812, 
3812, 
3812, 
3812, 
3812, 
3812, 
3812, 
3812, 
3812, 
3812, 
3812, 
3812, 
3812, 
3812, 
3812, 
3812, 
3812, 
3812, 
3812, 
3812, 
3812, 
3812, 
3812, 
3812, 
3812, 
3812, 
3812, 
3812, 
3812, 
3812, 
3812, 
3812, 
3812, 
3812, 
3812, 
3812, 
3813, 
3814, 
3814, 
3814, 
3814, 
3814, 
3816, 
3816, 
3818, 
3820, 
3820, 
3820, 
3820, 
3820, 
3820, 
3822, 
3822, 
3822, 
3823, 
3824, 
3826, 
3827, 
3828, 
3831, 
3832, 
3832, 
3832, 
3832, 
3834, 
3834, 
3834, 
3834, 
3834, 
3836, 
3836, 
3836, 
3836, 
3836, 
3836, 
3836, 
3836, 
3836, 
3836, 
3836, 
3836, 
3836, 
3836, 
3838, 
3838, 
3838, 
3838, 
3838, 
3838, 
3838, 
3838, 
3840, 
3840, 
3840, 
3841, 
3842, 
3844, 
3844, 
3844, 
3844, 
3844, 
3844, 
3844, 
3844, 
3844, 
3844, 
3844, 
3844, 
3845, 
3845, 
3845, 
3846, 
3846, 
3846, 
3846, 
3846, 
3846, 
3846, 
3846, 
3846, 
3846, 
3846, 
3846, 
3846, 
3846, 
3846, 
3846, 
3846, 
3846, 
3847, 
3847, 
3848, 
3848, 
3848, 
3848, 
3848, 
3848, 
3849, 
3852, 
3853, 
3854, 
3854, 
3856, 
3856, 
3856, 
3857, 
3858, 
3858, 
3858, 
3861, 
3864, 
3864, 
3864, 
3864, 
3864, 
3864, 
3864, 
3864, 
3864, 
3864, 
3864, 
3866, 
3866, 
3866, 
3866, 
3866, 
3866, 
3866, 
3866, 
3866, 
3866, 
3866, 
3866, 
3866, 
3866, 
3866, 
3866, 
3866, 
3866, 
3869, 
3869, 
3870, 
3870, 
3870, 
3870, 
3870, 
3870, 
3870, 
3870, 
3870, 
3870, 
3870, 
3870, 
3870, 
3870, 
3870, 
3870, 
3871, 
3871, 
3872, 
3874, 
3874, 
3874, 
3874, 
3874, 
3874, 
3874, 
3874, 
3874, 
3876, 
3876, 
3876, 
3879, 
3880, 
3883, 
3883, 
3883, 
3884, 
3884, 
3884, 
3884, 
3885, 
3886, 
3886, 
3886, 
3886, 
3887, 
3887, 
3890, 
3892, 
3896, 
3900, 
3900, 
3900, 
3900, 
3901, 
3902, 
3903, 
3903, 
3903, 
3904, 
3904, 
3904, 
3904, 
3904, 
3904, 
3904, 
3904, 
3904, 
3905, 
3906, 
3906, 
3906, 
3906, 
3906, 
3906, 
3906, 
3906, 
3906, 
3906, 
3907, 
3908, 
3908, 
3909, 
3912, 
3913, 
3914, 
3914, 
3915, 
3916, 
3916, 
3916, 
3916, 
3916, 
3916, 
3916, 
3916, 
3916, 
3916, 
3916, 
3916, 
3917, 
3918, 
3918, 
3920, 
3920, 
3920, 
3920, 
3920, 
3920, 
3920, 
3920, 
3920, 
3920, 
3922, 
3922, 
3922, 
3922, 
3922, 
3922, 
3922, 
3922, 
3922, 
3922, 
3922, 
3922, 
3922, 
3924, 
3924, 
3924, 
3924, 
3924, 
3924, 
3925, 
3925, 
3925, 
3925, 
3926, 
3928, 
3929, 
3930, 
3930, 
3930, 
3930, 
3930, 
3930, 
3930, 
3930, 
3930, 
3930, 
3930, 
3930, 
3930, 
3930, 
3930, 
3930, 
3930, 
3930, 
3930, 
3930, 
3930, 
3930, 
3930, 
3930, 
3930, 
3930, 
3930, 
3930, 
3930, 
3930, 
3930, 
3930, 
3930, 
3930, 
3930, 
3930, 
3931, 
3931, 
3932, 
3932, 
3932, 
3932, 
3932, 
3932, 
3932, 
3932, 
3932, 
3932, 
3932, 
3932, 
3932, 
3932, 
3933, 
3934, 
3934, 
3934, 
3934, 
3934, 
3934, 
3934, 
3934, 
3934, 
3934, 
3934, 
3934, 
3934, 
3934, 
3934, 
3934, 
3934, 
3934, 
3934, 
3934, 
3934, 
3934, 
3934, 
3934, 
3934, 
3934, 
3934, 
3934, 
3934, 
3934, 
3934, 
3934, 
3934, 
3935, 
3936, 
3936, 
3938, 
3938, 
3938, 
3938, 
3938, 
3938, 
3938, 
3938, 
3938, 
3938, 
3938, 
3938, 
3938, 
3938, 
3938, 
3939, 
3939, 
3940, 
3940, 
3940, 
3940, 
3940, 
3940, 
3940, 
3940, 
3942, 
3942, 
3942, 
3942, 
3944, 
3944, 
3944, 
3944, 
3944, 
3944, 
3944, 
3944, 
3944, 
3945, 
3945, 
3948, 
3948, 
3948, 
3948, 
3948, 
3948, 
3948, 
3948, 
3949, 
3950, 
3950, 
3952, 
3952, 
3954, 
3954, 
3954, 
3954, 
3954, 
3954, 
3954, 
3954, 
3954, 
3954, 
3956, 
3956, 
3959, 
3960, 
3960, 
3960, 
3960, 
3960, 
3960, 
3961, 
3961, 
3962, 
3962, 
3962, 
3962, 
3962, 
3962, 
3962, 
3963, 
3964, 
3964, 
3964, 
3964, 
3964, 
3964, 
3964, 
3966, 
3966, 
3966, 
3966, 
3966, 
3966, 
3966, 
3966, 
3968, 
3968, 
3968, 
3968, 
3968, 
3968, 
3968, 
3969, 
3969, 
3970, 
3971, 
3973, 
3974, 
3975, 
3976, 
3976, 
3976, 
3976, 
3976, 
3976, 
3976, 
3976, 
3976, 
3976, 
3976, 
3976, 
3976, 
3976, 
3976, 
3976, 
3976, 
3976, 
3976, 
3976, 
3976, 
3976, 
3976, 
3977, 
3980, 
3981, 
3982, 
3982, 
3985, 
3985, 
3986, 
3986, 
3986, 
3986, 
3986, 
3986, 
3986, 
3986, 
3986, 
3986, 
3986, 
3986, 
3986, 
3986, 
3986, 
3986, 
3986, 
3986, 
3986, 
3986, 
3986, 
3986, 
3986, 
3986, 
3986, 
3986, 
3988, 
3988, 
3989, 
3990, 
3991, 
3992, 
3992, 
3992, 
3992, 
3992, 
3992, 
3992, 
3992, 
3992, 
3992, 
3992, 
3992, 
3992, 
3992, 
3992, 
3992, 
3992, 
3992, 
3992, 
3992, 
3992, 
3992, 
3992, 
3992, 
3992, 
3992, 
3994, 
3994, 
3994, 
3994, 
3994, 
3994, 
3994, 
3994, 
3994, 
3994, 
3994, 
3994, 
3994, 
3994, 
3995, 
3996, 
3996, 
3996, 
3996, 
3996, 
3996, 
3996, 
3998, 
3998, 
3998, 
3999, 
3999, 
4001, 
4001, 
4002, 
4002, 
4002, 
4002, 
4002, 
4002, 
4002, 
4002, 
4002, 
4002, 
4004, 
4005, 
4006, 
4006, 
4006, 
4006, 
4006, 
4009, 
4010, 
4010, 
4010, 
4010, 
4010, 
4010, 
4010, 
4010, 
4012, 
4012, 
4012, 
4012, 
4012, 
4012, 
4012, 
4012, 
4012, 
4012, 
4012, 
4012, 
4012, 
4012, 
4012, 
4012, 
4014, 
4014, 
4014, 
4014, 
4014, 
4016, 
4017, 
4017, 
4018, 
4018, 
4018, 
4020, 
4020, 
4022, 
4022, 
4022, 
4022, 
4022, 
4024, 
4024, 
4024, 
4024, 
4024, 
4024, 
4026, 
4028, 
4028, 
4028, 
4028, 
4028, 
4030, 
4030, 
4030, 
4033, 
4034, 
4035, 
4035, 
4035, 
4035, 
4036, 
4038, 
4038, 
4038, 
4038, 
4038, 
4038, 
4038, 
4038, 
4038, 
4038, 
4038, 
4039, 
4040, 
4040, 
4040, 
4040, 
4040, 
4040, 
4040, 
4040, 
4040, 
4040, 
4040, 
4040, 
4040, 
4040, 
4040, 
4040, 
4040, 
4040, 
4040, 
4040, 
4040, 
4040, 
4040, 
4040, 
4040, 
4040, 
4040, 
4040, 
4040, 
4040, 
4040, 
4040, 
4040, 
4040, 
4040, 
4040, 
4040, 
4040, 
4040, 
4040, 
4040, 
4040, 
4040, 
4042, 
4042, 
4043, 
4043, 
4044, 
4045, 
4046, 
4046, 
4046, 
4046, 
4046, 
4046, 
4046, 
4047, 
4049, 
4049, 
4050, 
4050, 
4050, 
4050, 
4050, 
4050, 
4050, 
4050, 
4050, 
4050, 
4050, 
4050, 
4051, 
4055, 
4058, 
4058, 
4058, 
4058, 
4058, 
4058, 
4059, 
4059, 
4059, 
4059, 
4059, 
4060, 
4060, 
4060, 
4060, 
4060, 
4060, 
4060, 
4060, 
4060, 
4061, 
4062, 
4064, 
4065, 
4066, 
4066, 
4066, 
4066, 
4067, 
4068, 
4068, 
4068, 
4068, 
4068, 
4068, 
4068, 
4068, 
4068, 
4068, 
4068, 
4068, 
4068, 
4072, 
4072, 
4072, 
4072, 
4072, 
4072, 
4072, 
4072, 
4072, 
4072, 
4072, 
4072, 
4074, 
4074, 
4074, 
4074, 
4075, 
4076, 
4078, 
4078, 
4078, 
4078, 
4078, 
4078, 
4078, 
4078, 
4078, 
4078, 
4078, 
4078, 
4078, 
4078, 
4078, 
4078, 
4078, 
4078, 
4078, 
4078, 
4079, 
4079, 
4080, 
4080, 
4080, 
4080, 
4080, 
4080, 
4080, 
4080, 
4080, 
4080, 
4080, 
4080, 
4080, 
4080, 
4080, 
4080, 
4080, 
4082, 
4082, 
4083, 
4085, 
4085, 
4086, 
4086, 
4086, 
4086, 
4086, 
4086, 
4086, 
4086, 
4086, 
4086, 
4086, 
4086, 
4086, 
4086, 
4087, 
4087, 
4089, 
4089, 
4090, 
4090, 
4090, 
4090, 
4090, 
4090, 
4090, 
4090, 
4090, 
4091, 
4091, 
4092, 
4092, 
4092, 
4093, 
4095, 
4095, 
4095, 
4096, 
4096, 
4097, 
4098, 
4098, 
4098, 
4098, 
4098, 
4098, 
4098, 
4098, 
4098, 
4101, 
4101, 
4101, 
4102, 
4102, 
4102, 
4102, 
4102, 
4102, 
4102, 
4103, 
4104, 
4104, 
4104, 
4104, 
4104, 
4104, 
4104, 
4104, 
4104, 
4104, 
4104, 
4104, 
4104, 
4104, 
4104, 
4104, 
4104, 
4104, 
4104, 
4104, 
4104, 
4104, 
4104, 
4104, 
4104, 
4104, 
4104, 
4104, 
4104, 
4104, 
4104, 
4106, 
4106, 
4106, 
4106, 
4106, 
4106, 
4106, 
4106, 
4106, 
4106, 
4106, 
4106, 
4106, 
4106, 
4106, 
4106, 
4106, 
4106, 
4106, 
4106, 
4106, 
4106, 
4106, 
4108, 
4108, 
4108, 
4108, 
4108, 
4108, 
4108, 
4108, 
4108, 
4108, 
4108, 
4108, 
4108, 
4108, 
4109, 
4110, 
4110, 
4110, 
4110, 
4110, 
4111, 
4112, 
4113, 
4114, 
4114, 
4114, 
4114, 
4114, 
4114, 
4114, 
4114, 
4115, 
4115, 
4116, 
4116, 
4116, 
4116, 
4116, 
4116, 
4117, 
4118, 
4118, 
4118, 
4118, 
4118, 
4118, 
4118, 
4118, 
4118, 
4118, 
4118, 
4118, 
4118, 
4118, 
4118, 
4118, 
4118, 
4118, 
4118, 
4118, 
4118, 
4118, 
4118, 
4118, 
4118, 
4118, 
4120, 
4120, 
4120, 
4120, 
4121, 
4122, 
4122, 
4122, 
4122, 
4122, 
4122, 
4122, 
4124, 
4124, 
4126, 
4126, 
4126, 
4129, 
4131, 
4131, 
4132, 
4132, 
4134, 
4134, 
4135, 
4135, 
4136, 
4136, 
4136, 
4136, 
4136, 
4136, 
4136, 
4136, 
4136, 
4136, 
4137, 
4137, 
4140, 
4140, 
4140, 
4140, 
4142, 
4142, 
4142, 
4142, 
4142, 
4142, 
4142, 
4142, 
4142, 
4142, 
4142, 
4142, 
4143, 
4146, 
4146, 
4146, 
4146, 
4146, 
4146, 
4146, 
4146, 
4146, 
4146, 
4146, 
4146, 
4146, 
4147, 
4148, 
4148, 
4150, 
4150, 
4152, 
4152, 
4153, 
4154, 
4154, 
4154, 
4154, 
4154, 
4154, 
4154, 
4154, 
4154, 
4154, 
4154, 
4155, 
4156, 
4156, 
4156, 
4156, 
4156, 
4156, 
4156, 
4156, 
4156, 
4156, 
4158, 
4160, 
4160, 
4160, 
4160, 
4160, 
4160, 
4160, 
4160, 
4160, 
4160, 
4161, 
4163, 
4164, 
4166, 
4166, 
4166, 
4166, 
4166, 
4166, 
4166, 
4166, 
4166, 
4166, 
4166, 
4166, 
4166, 
4166, 
4166, 
4166, 
4166, 
4166, 
4166, 
4166, 
4166, 
4166, 
4166, 
4166, 
4166, 
4166, 
4166, 
4166, 
4166, 
4166, 
4166, 
4166, 
4166, 
4167, 
4168, 
4168, 
4168, 
4169, 
4170, 
4170, 
4170, 
4172, 
4172, 
4172, 
4172, 
4172, 
4174, 
4174, 
4174, 
4174, 
4174, 
4176, 
4176, 
4176, 
4176, 
4176, 
4176, 
4176, 
4176, 
4176, 
4176, 
4176, 
4176, 
4176, 
4176, 
4180, 
4180, 
4180, 
4180, 
4180, 
4180, 
4180, 
4180, 
4180, 
4181, 
4183, 
4184, 
4184, 
4184, 
4184, 
4184, 
4184, 
4184, 
4184, 
4184, 
4184, 
4184, 
4186, 
4186, 
4186, 
4186, 
4186, 
4186, 
4186, 
4186, 
4186, 
4186, 
4186, 
4186, 
4187, 
4188, 
4188, 
4188, 
4188, 
4188, 
4188, 
4188, 
4190, 
4190, 
4190, 
4190, 
4190, 
4192, 
4192, 
4192, 
4192, 
4193, 
4193, 
4193, 
4194, 
4196, 
4196, 
4196, 
4196, 
4196, 
4196, 
4196, 
4196, 
4196, 
4197, 
4198, 
4199, 
4199, 
4199, 
4200, 
4200, 
4202, 
4202, 
4202, 
4203, 
4203, 
4205, 
4206, 
4206, 
4206, 
4207, 
4208, 
4208, 
4208, 
4209, 
4210, 
4210, 
4210, 
4210, 
4210, 
4211, 
4212, 
4212, 
4212, 
4212, 
4212, 
4212, 
4212, 
4212, 
4212, 
4212, 
4213, 
4214, 
4216, 
4216, 
4216, 
4216, 
4216, 
4216, 
4217, 
4217, 
4218, 
4218, 
4218, 
4218, 
4218, 
4218, 
4218, 
4218, 
4218, 
4218, 
4218, 
4218, 
4218, 
4218, 
4218, 
4218, 
4220, 
4220, 
4220, 
4220, 
4220, 
4220, 
4220, 
4220, 
4220, 
4220, 
4220, 
4220, 
4220, 
4220, 
4220, 
4223, 
4224, 
4224, 
4225, 
4226, 
4226, 
4226, 
4226, 
4226, 
4226, 
4226, 
4226, 
4228, 
4228, 
4228, 
4229, 
4229, 
4230, 
4230, 
4230, 
4230, 
4230, 
4231, 
4232, 
4232, 
4232, 
