-232, 
-336, 
-400, 
-464, 
-444, 
-544, 
-608, 
-588, 
-640, 
-608, 
-600, 
-624, 
-544, 
-492, 
-556, 
-468, 
-468, 
-440, 
-480, 
-444, 
-480, 
-452, 
-448, 
-400, 
-416, 
-416, 
-472, 
-448, 
-476, 
-476, 
-412, 
-416, 
-528, 
-484, 
-424, 
-452, 
-436, 
-396, 
-448, 
-404, 
-452, 
-448, 
-420, 
-444, 
-448, 
-356, 
-376, 
-428, 
-496, 
-492, 
-444, 
-412, 
-432, 
-476, 
-464, 
-480, 
-508, 
-548, 
-524, 
-396, 
-368, 
-412, 
-392, 
-456, 
-464, 
-432, 
-448, 
-516, 
-444, 
-460, 
-432, 
-468, 
-468, 
-452, 
-504, 
-460, 
-440, 
-484, 
-484, 
-452, 
-476, 
-508, 
-472, 
-456, 
-416, 
-404, 
-428, 
-388, 
-448, 
-476, 
-432, 
-480, 
-424, 
-448, 
-420, 
-472, 
-412, 
-496, 
-432, 
-416, 
-412, 
-428, 
-480, 
-456, 
-484, 
-476, 
-492, 
-520, 
-508, 
-480, 
-524, 
-504, 
-460, 
-476, 
-492, 
-432, 
-420, 
-404, 
-428, 
-444, 
-440, 
-388, 
-400, 
-372, 
-352, 
-376, 
-368, 
-380, 
-364, 
-432, 
-464, 
-452, 
-508, 
-480, 
-516, 
-456, 
-476, 
-520, 
-464, 
-460, 
-452, 
-496, 
-408, 
-440, 
-436, 
-516, 
-432, 
-420, 
-480, 
-428, 
-424, 
-360, 
-336, 
-440, 
-420, 
-424, 
-460, 
-516, 
-492, 
-508, 
-524, 
-500, 
-432, 
-472, 
-480, 
-504, 
-496, 
-460, 
-380, 
-492, 
-436, 
-464, 
-472, 
-488, 
-428, 
-444, 
-492, 
-484, 
-452, 
-488, 
-488, 
-468, 
-428, 
-472, 
-440, 
-464, 
-440, 
-448, 
-496, 
-452, 
-416, 
-440, 
-516, 
-496, 
-476, 
-464, 
-428, 
-384, 
-412, 
-440, 
-444, 
-428, 
-452, 
-484, 
-488, 
-512, 
-432, 
-496, 
-428, 
-456, 
-500, 
-548, 
-488, 
-500, 
-456, 
-444, 
-408, 
-408, 
-428, 
-424, 
-420, 
-436, 
-492, 
-500, 
-556, 
-536, 
-528, 
-508, 
-528, 
-472, 
-388, 
-412, 
-460, 
-404, 
-428, 
-476, 
-484, 
-476, 
-476, 
-508, 
-524, 
-440, 
-516, 
-460, 
-456, 
-476, 
-400, 
-448, 
-436, 
-432, 
-428, 
-484, 
-444, 
-420, 
-432, 
-428, 
-380, 
-440, 
-396, 
-372, 
-404, 
-472, 
-400, 
-420, 
-432, 
-492, 
-480, 
-540, 
-508, 
-472, 
-508, 
-508, 
-492, 
-512, 
-500, 
-476, 
-508, 
-476, 
-516, 
-532, 
-436, 
-448, 
-456, 
-484, 
-444, 
-452, 
-448, 
-484, 
-436, 
-460, 
-436, 
-464, 
-396, 
-440, 
-392, 
-400, 
-392, 
-440, 
-432, 
-464, 
-524, 
-464, 
-412, 
-408, 
-412, 
-408, 
-424, 
-404, 
-436, 
-432, 
-460, 
-472, 
-444, 
-428, 
-480, 
-484, 
-492, 
-472, 
-460, 
-464, 
-460, 
-464, 
-448, 
-396, 
-468, 
-556, 
-472, 
-500, 
-520, 
-548, 
-448, 
-492, 
-464, 
-448, 
-492, 
-532, 
-500, 
-524, 
-512, 
-580, 
-552, 
-552, 
-560, 
-528, 
-444, 
-484, 
-528, 
-440, 
-456, 
-464, 
-456, 
-416, 
-500, 
-556, 
-504, 
-468, 
-364, 
-440, 
-476, 
-436, 
-444, 
-500, 
-512, 
-432, 
-424, 
-416, 
-384, 
-432, 
-476, 
-456, 
-424, 
-396, 
-420, 
-472, 
-428, 
-380, 
-516, 
-488, 
-480, 
-488, 
-468, 
-484, 
-540, 
-516, 
-520, 
-516, 
-492, 
-544, 
-608, 
-556, 
-528, 
-428, 
-404, 
-420, 
-488, 
-496, 
-480, 
-468, 
-536, 
-552, 
-484, 
-464, 
-464, 
-440, 
-400, 
-420, 
-412, 
-420, 
-432, 
-396, 
-384, 
-388, 
-392, 
-428, 
-428, 
-452, 
-420, 
-464, 
-420, 
-464, 
-508, 
-488, 
-452, 
-468, 
-468, 
-400, 
-376, 
-420, 
-420, 
-488, 
-464, 
-436, 
-472, 
-484, 
-468, 
-424, 
-420, 
-376, 
-452, 
-460, 
-464, 
-572, 
-480, 
-456, 
-544, 
-532, 
-512, 
-468, 
-468, 
-508, 
-488, 
-432, 
-472, 
-452, 
-464, 
-492, 
-440, 
-472, 
-524, 
-512, 
-472, 
-460, 
-556, 
-556, 
-540, 
-536, 
-488, 
-388, 
-468, 
-464, 
-440, 
-424, 
-472, 
-500, 
-420, 
-408, 
-424, 
-468, 
-464, 
-432, 
-472, 
-432, 
-392, 
-436, 
-484, 
-484, 
-420, 
-432, 
-460, 
-492, 
-520, 
-544, 
-488, 
-440, 
-448, 
-452, 
-508, 
-536, 
-460, 
-496, 
-544, 
-588, 
-528, 
-552, 
-560, 
-448, 
-472, 
-524, 
-556, 
-608, 
-636, 
-620, 
-632, 
-608, 
-620, 
-596, 
-608, 
-552, 
-552, 
-548, 
-612, 
-596, 
-572, 
-548, 
-580, 
-512, 
-572, 
-620, 
-640, 
-544, 
-540, 
-556, 
-572, 
-512, 
-496, 
-524, 
-504, 
-532, 
-568, 
-500, 
-480, 
-492, 
-512, 
-476, 
-596, 
-592, 
-556, 
-560, 
-508, 
-500, 
-500, 
-480, 
-504, 
-452, 
-524, 
-516, 
-528, 
-544, 
-528, 
-564, 
-512, 
-508, 
-508, 
-496, 
-496, 
-476, 
-580, 
-544, 
-580, 
-588, 
-540, 
-500, 
-568, 
-560, 
-588, 
-636, 
-580, 
-584, 
-532, 
-520, 
-504, 
-484, 
-548, 
-512, 
-532, 
-560, 
-552, 
-584, 
-588, 
-536, 
-656, 
-544, 
-552, 
-516, 
-536, 
-528, 
-508, 
-548, 
-548, 
-640, 
-616, 
-616, 
-584, 
-572, 
-560, 
-600, 
-528, 
-516, 
-540, 
-452, 
-428, 
-480, 
-484, 
-524, 
-612, 
-552, 
-648, 
-596, 
-572, 
-596, 
-612, 
-576, 
-620, 
-604, 
-612, 
-616, 
-552, 
-548, 
-548, 
-536, 
-596, 
-584, 
-600, 
-552, 
-564, 
-620, 
-588, 
-588, 
-596, 
-512, 
-472, 
-444, 
-504, 
-540, 
-572, 
-496, 
-440, 
-504, 
-536, 
-532, 
-488, 
-504, 
-524, 
-500, 
-516, 
-492, 
-512, 
-524, 
-468, 
-512, 
-572, 
-560, 
-472, 
-528, 
-524, 
-572, 
-536, 
-564, 
-584, 
-576, 
-548, 
-620, 
-624, 
-644, 
-568, 
-588, 
-548, 
-576, 
-584, 
-556, 
-604, 
-496, 
-524, 
-464, 
-548, 
-500, 
-408, 
-404, 
-392, 
-376, 
-420, 
-464, 
-480, 
-456, 
-472, 
-452, 
-500, 
-496, 
-480, 
-504, 
-576, 
-496, 
-504, 
-424, 
-472, 
-492, 
-508, 
-520, 
-460, 
-488, 
-448, 
-476, 
-472, 
-488, 
-544, 
-484, 
-484, 
-480, 
-484, 
-476, 
-456, 
-476, 
-468, 
-468, 
-512, 
-456, 
-500, 
-508, 
-504, 
-540, 
-480, 
-512, 
-528, 
-552, 
-528, 
-528, 
-532, 
-516, 
-484, 
-468, 
-520, 
-532, 
-524, 
-532, 
-516, 
-576, 
-480, 
-468, 
-492, 
-520, 
-520, 
-540, 
-528, 
-592, 
-548, 
-500, 
-464, 
-504, 
-552, 
-552, 
-572, 
-564, 
-504, 
-436, 
-548, 
-548, 
-564, 
-612, 
-604, 
-544, 
-540, 
-552, 
-492, 
-516, 
-540, 
-564, 
-632, 
-572, 
-560, 
-488, 
-536, 
-552, 
-480, 
-472, 
-500, 
-492, 
-412, 
-440, 
-520, 
-504, 
-584, 
-492, 
-500, 
-520, 
-488, 
-532, 
-572, 
-580, 
-604, 
-564, 
-544, 
-552, 
-556, 
-544, 
-604, 
-512, 
-580, 
-596, 
-516, 
-504, 
-464, 
-520, 
-588, 
-524, 
-512, 
-524, 
-584, 
-504, 
-460, 
-436, 
-556, 
-548, 
-548, 
-520, 
-472, 
-496, 
-472, 
-496, 
-520, 
-524, 
-552, 
-492, 
-456, 
-444, 
-472, 
-480, 
-464, 
-480, 
-480, 
-544, 
-476, 
-472, 
-468, 
-516, 
-500, 
-468, 
-492, 
-520, 
-512, 
-524, 
-492, 
-480, 
-384, 
-372, 
-396, 
-388, 
-432, 
-528, 
-448, 
-476, 
-464, 
-504, 
-556, 
-520, 
-472, 
-440, 
-488, 
-516, 
-500, 
-428, 
-448, 
-460, 
-448, 
-508, 
-496, 
-484, 
-468, 
-496, 
-492, 
-460, 
-492, 
-472, 
-428, 
-476, 
-476, 
-572, 
-524, 
-540, 
-468, 
-532, 
-556, 
-568, 
-492, 
-504, 
-536, 
-544, 
-576, 
-576, 
-544, 
-500, 
-544, 
-520, 
-504, 
-588, 
-524, 
-568, 
-596, 
-548, 
-532, 
-500, 
-508, 
-492, 
-416, 
-444, 
-480, 
-484, 
-496, 
-552, 
-548, 
-620, 
-544, 
-548, 
-572, 
-500, 
-544, 
-512, 
-460, 
-484, 
-504, 
-468, 
-528, 
-488, 
-524, 
-456, 
-484, 
-472, 
-444, 
-432, 
-500, 
-552, 
-564, 
-532, 
-524, 
-536, 
-528, 
-532, 
-504, 
-500, 
-444, 
-484, 
-436, 
-428, 
-428, 
-408, 
-400, 
-444, 
-456, 
-480, 
-480, 
-472, 
-464, 
-464, 
-416, 
-500, 
-520, 
-532, 
-508, 
-436, 
-472, 
-424, 
-456, 
-480, 
-488, 
-548, 
-528, 
-500, 
-476, 
-508, 
-488, 
-420, 
-428, 
-424, 
-468, 
-468, 
-520, 
-480, 
-464, 
-456, 
-496, 
-384, 
-452, 
-460, 
-428, 
-524, 
-460, 
-444, 
-508, 
-452, 
-428, 
-468, 
-448, 
