-40, 
-30, 
-126, 
-166, 
-180, 
-278, 
-304, 
-312, 
-338, 
-326, 
-328, 
-338, 
-286, 
-256, 
-282, 
-252, 
-236, 
-226, 
-234, 
-214, 
-228, 
-218, 
-234, 
-142, 
-92, 
-46, 
-76, 
-108, 
-152, 
-146, 
-136, 
-34, 
-14, 
-24, 
-114, 
-106, 
-128, 
-98, 
-120, 
-152, 
-206, 
-140, 
-152, 
-140, 
-136, 
-100, 
-88, 
-168, 
-200, 
-216, 
-192, 
-168, 
-198, 
-196, 
-186, 
-196, 
-172, 
-180, 
-184, 
-116, 
-32, 
-60, 
-68, 
-48, 
-50, 
-80, 
-100, 
-126, 
-100, 
-56, 
-114, 
-128, 
-104, 
-70, 
-102, 
-54, 
-58, 
-22, 
-50, 
-82, 
-64, 
-84, 
14, 
54, 
30, 
-50, 
-30, 
-86, 
-96, 
-22, 
-28, 
-32, 
46, 
56, 
70, 
80, 
70, 
58, 
16, 
-16, 
10, 
36, 
16, 
56, 
46, 
70, 
108, 
168, 
130, 
126, 
160, 
188, 
188, 
214, 
190, 
106, 
26, 
28, 
-26, 
-70, 
16, 
8, 
-20, 
-2, 
-30, 
-106, 
-76, 
-74, 
-48, 
-192, 
-212, 
-156, 
-172, 
-194, 
-188, 
-140, 
-106, 
-112, 
-72, 
-66, 
-42, 
-10, 
38, 
70, 
88, 
130, 
86, 
64, 
44, 
46, 
18, 
-72, 
-70, 
-64, 
-42, 
0, 
44, 
30, 
-6, 
20, 
46, 
-12, 
8, 
16, 
34, 
-30, 
-4, 
-44, 
26, 
58, 
44, 
106, 
134, 
120, 
130, 
104, 
68, 
158, 
166, 
188, 
202, 
172, 
116, 
114, 
92, 
-24, 
-96, 
-46, 
-36, 
32, 
-14, 
-4, 
-36, 
-2, 
14, 
30, 
80, 
70, 
112, 
162, 
162, 
188, 
198, 
230, 
206, 
250, 
196, 
236, 
174, 
206, 
212, 
248, 
220, 
198, 
156, 
176, 
130, 
90, 
120, 
134, 
160, 
138, 
184, 
220, 
258, 
276, 
242, 
228, 
270, 
188, 
170, 
190, 
192, 
140, 
186, 
156, 
150, 
142, 
152, 
164, 
112, 
90, 
74, 
22, 
58, 
94, 
108, 
136, 
98, 
20, 
-18, 
16, 
-8, 
-6, 
-40, 
-118, 
-76, 
-10, 
72, 
56, 
48, 
58, 
110, 
132, 
146, 
230, 
194, 
208, 
184, 
158, 
182, 
168, 
136, 
42, 
50, 
88, 
134, 
150, 
128, 
126, 
46, 
-4, 
-100, 
-54, 
-26, 
-24, 
-38, 
-54, 
48, 
12, 
78, 
66, 
-34, 
-32, 
86, 
142, 
134, 
172, 
128, 
142, 
124, 
106, 
102, 
82, 
68, 
12, 
-26, 
-28, 
38, 
52, 
32, 
48, 
58, 
70, 
36, 
52, 
-18, 
-40, 
-38, 
-18, 
-50, 
-52, 
-108, 
-120, 
-106, 
-146, 
-142, 
-110, 
-178, 
-208, 
-160, 
-130, 
-104, 
-96, 
-62, 
-26, 
-44, 
-78, 
-140, 
-190, 
-200, 
-198, 
-202, 
-200, 
-140, 
-200, 
-168, 
-146, 
-170, 
-208, 
-210, 
-192, 
-256, 
-268, 
-226, 
-196, 
-116, 
-130, 
-78, 
-78, 
-120, 
-148, 
-108, 
-98, 
-76, 
-56, 
-94, 
-122, 
-130, 
-124, 
-78, 
-58, 
-116, 
-64, 
-130, 
-156, 
-224, 
-232, 
-212, 
-194, 
-220, 
-190, 
-234, 
-206, 
-204, 
-238, 
-234, 
-234, 
-266, 
-248, 
-214, 
-198, 
-168, 
-162, 
-148, 
-174, 
-146, 
-78, 
-162, 
-182, 
-166, 
-112, 
-152, 
-102, 
-92, 
-84, 
-30, 
-46, 
-16, 
38, 
-32, 
-114, 
-132, 
-152, 
-2, 
-44, 
-50, 
-28, 
-52, 
-50, 
-74, 
-96, 
-52, 
-54, 
-48, 
32, 
72, 
96, 
178, 
126, 
122, 
128, 
118, 
136, 
88, 
140, 
152, 
110, 
136, 
118, 
168, 
242, 
220, 
182, 
212, 
196, 
148, 
102, 
102, 
108, 
120, 
90, 
142, 
126, 
192, 
212, 
206, 
212, 
232, 
214, 
194, 
142, 
176, 
174, 
118, 
126, 
110, 
96, 
66, 
52, 
50, 
96, 
170, 
176, 
98, 
92, 
36, 
70, 
94, 
46, 
46, 
32, 
-8, 
-66, 
-92, 
-74, 
-94, 
-72, 
-106, 
-134, 
-166, 
-162, 
-184, 
-172, 
-172, 
-190, 
-238, 
-272, 
-190, 
-228, 
-258, 
-280, 
-288, 
-300, 
-294, 
-220, 
-208, 
-234, 
-276, 
-332, 
-348, 
-344, 
-342, 
-336, 
-340, 
-336, 
-330, 
-294, 
-300, 
-312, 
-316, 
-298, 
-304, 
-314, 
-318, 
-286, 
-310, 
-340, 
-348, 
-284, 
-292, 
-282, 
-268, 
-226, 
-196, 
-204, 
-232, 
-222, 
-240, 
-222, 
-234, 
-224, 
-236, 
-240, 
-318, 
-294, 
-254, 
-244, 
-212, 
-184, 
-192, 
-180, 
-216, 
-184, 
-242, 
-266, 
-274, 
-278, 
-270, 
-266, 
-240, 
-220, 
-250, 
-244, 
-258, 
-280, 
-322, 
-306, 
-324, 
-308, 
-296, 
-278, 
-320, 
-316, 
-308, 
-342, 
-330, 
-324, 
-288, 
-278, 
-260, 
-250, 
-270, 
-260, 
-276, 
-274, 
-268, 
-306, 
-320, 
-290, 
-322, 
-240, 
-206, 
-224, 
-256, 
-278, 
-278, 
-288, 
-272, 
-346, 
-340, 
-330, 
-240, 
-258, 
-272, 
-302, 
-266, 
-246, 
-254, 
-216, 
-184, 
-234, 
-228, 
-236, 
-318, 
-282, 
-350, 
-326, 
-318, 
-298, 
-332, 
-326, 
-338, 
-340, 
-328, 
-306, 
-272, 
-276, 
-264, 
-270, 
-316, 
-324, 
-324, 
-314, 
-320, 
-302, 
-272, 
-320, 
-304, 
-256, 
-220, 
-226, 
-264, 
-294, 
-314, 
-262, 
-210, 
-234, 
-252, 
-272, 
-246, 
-250, 
-260, 
-258, 
-264, 
-236, 
-230, 
-244, 
-220, 
-252, 
-288, 
-286, 
-266, 
-260, 
-276, 
-300, 
-266, 
-262, 
-304, 
-300, 
-270, 
-290, 
-314, 
-332, 
-272, 
-284, 
-268, 
-278, 
-272, 
-276, 
-280, 
-202, 
-172, 
-142, 
-178, 
-132, 
-120, 
-94, 
-86, 
-38, 
-58, 
-104, 
-98, 
-100, 
-66, 
-48, 
-92, 
-132, 
-120, 
-164, 
-238, 
-166, 
-166, 
-166, 
-192, 
-216, 
-246, 
-244, 
-186, 
-202, 
-170, 
-240, 
-248, 
-260, 
-276, 
-204, 
-196, 
-148, 
-178, 
-194, 
-144, 
-138, 
-186, 
-182, 
-226, 
-242, 
-270, 
-272, 
-256, 
-272, 
-242, 
-268, 
-286, 
-278, 
-294, 
-284, 
-264, 
-244, 
-214, 
-202, 
-238, 
-298, 
-278, 
-276, 
-276, 
-308, 
-270, 
-274, 
-260, 
-268, 
-272, 
-284, 
-266, 
-266, 
-230, 
-244, 
-196, 
-220, 
-254, 
-300, 
-308, 
-306, 
-278, 
-262, 
-318, 
-308, 
-288, 
-340, 
-332, 
-268, 
-224, 
-244, 
-242, 
-248, 
-236, 
-256, 
-230, 
-180, 
-150, 
-112, 
-130, 
-132, 
-82, 
-168, 
-174, 
-188, 
-198, 
-208, 
-232, 
-236, 
-292, 
-258, 
-256, 
-240, 
-252, 
-300, 
-322, 
-308, 
-282, 
-266, 
-256, 
-258, 
-266, 
-292, 
-330, 
-266, 
-284, 
-290, 
-238, 
-216, 
-212, 
-260, 
-276, 
-176, 
-144, 
-248, 
-300, 
-248, 
-204, 
-154, 
-212, 
-228, 
-252, 
-168, 
-132, 
-164, 
-178, 
-234, 
-236, 
-248, 
-296, 
-262, 
-206, 
-170, 
-164, 
-172, 
-166, 
-162, 
-184, 
-210, 
-218, 
-218, 
-226, 
-254, 
-210, 
-220, 
-240, 
-244, 
-232, 
-242, 
-216, 
-202, 
-124, 
-44, 
-24, 
-54, 
-32, 
-82, 
-80, 
-78, 
-112, 
-200, 
-176, 
-132, 
-132, 
-152, 
-192, 
-192, 
-180, 
-160, 
-128, 
-98, 
-86, 
-142, 
-86, 
-120, 
-152, 
-218, 
-220, 
-230, 
-218, 
-236, 
-226, 
-260, 
-198, 
-298, 
-262, 
-258, 
-250, 
-298, 
-312, 
-280, 
-270, 
-298, 
-290, 
-272, 
-264, 
-260, 
-228, 
-292, 
-314, 
-296, 
-288, 
-324, 
-282, 
-270, 
-318, 
-266, 
-262, 
-272, 
-212, 
-168, 
-142, 
-198, 
-214, 
-232, 
-248, 
-298, 
-318, 
-346, 
-282, 
-296, 
-320, 
-288, 
-284, 
-284, 
-236, 
-240, 
-292, 
-250, 
-256, 
-210, 
-270, 
-222, 
-222, 
-164, 
-114, 
-118, 
-172, 
-204, 
-202, 
-180, 
-144, 
-92, 
-78, 
-106, 
-70, 
-36, 
4, 
-16, 
-64, 
-62, 
-60, 
-102, 
-68, 
-62, 
-82, 
-146, 
-170, 
-194, 
-152, 
-150, 
-136, 
-108, 
-84, 
-118, 
-162, 
-132, 
-120, 
-166, 
-148, 
-124, 
-212, 
-166, 
-116, 
-174, 
-166, 
-144, 
-110, 
-94, 
-84, 
-78, 
-2, 
18, 
4, 
20, 
8, 
-14, 
-20, 
40, 
24, 
20, 
-40, 
4, 
-8, 
-24, 
20, 
-118, 
-24, 
-6, 
2, 
